Время[c],Напряжение[В]
0.0000,1.1399
0.0006,1.1349
0.0012,1.1450
0.0018,1.1399
0.0024,1.1450
0.0029,1.1450
0.0035,1.1450
0.0040,1.1399
0.0045,1.1399
0.0051,1.1399
0.0057,1.1450
0.0063,1.1349
0.0068,1.1450
0.0074,1.1450
0.0080,1.1399
0.0086,1.1450
0.0091,1.1450
0.0098,1.1399
0.0105,1.1399
0.0110,1.1450
0.0116,1.1399
0.0122,1.1500
0.0127,1.1399
0.0133,1.1450
0.0139,1.1399
0.0144,1.1450
0.0150,1.1399
0.0157,1.1349
0.0163,1.1450
0.0170,1.1399
0.0189,1.1450
0.0195,1.1450
0.0201,1.1450
0.0228,1.1399
0.0234,1.1450
0.0240,1.1399
0.0247,1.1450
0.0253,1.1450
0.0259,1.1399
0.0266,1.1399
0.0272,1.1450
0.0278,1.1450
0.0284,1.1399
0.0290,1.1399
0.0300,1.1450
0.0306,1.1450
0.0312,1.1399
0.0318,1.1399
0.0324,1.1399
0.0330,1.1450
0.0335,1.1399
0.0341,1.1399
0.0347,1.1500
0.0353,1.1450
0.0358,1.1399
0.0364,1.1399
0.0369,1.1450
0.0375,1.1450
0.0380,1.1450
0.0386,1.1450
0.0392,1.1399
0.0397,1.1450
0.0403,1.1450
0.0408,1.1450
0.0413,1.1450
0.0418,1.1450
0.0424,1.1399
0.0429,1.1349
0.0434,1.1450
0.0439,1.1450
0.0445,1.1450
0.0500,1.1450
0.0506,1.1450
0.0512,1.1450
0.0519,1.1450
0.0526,1.1450
0.0533,1.1450
0.0540,1.1399
0.0548,1.1450
0.0555,1.1399
0.0561,1.1399
0.0568,1.1399
0.0574,1.1399
0.0580,1.1399
0.0586,1.1450
0.0592,1.1450
0.0599,1.1399
0.0605,1.1450
0.0611,1.1450
0.0616,1.1399
0.0622,1.1399
0.0628,1.1349
0.0634,1.1450
0.0640,1.1399
0.0646,1.1399
0.0652,1.1450
0.0658,1.1450
0.0664,1.1399
0.0670,1.1399
0.0676,1.1399
0.0682,1.1450
0.0688,1.1399
0.0694,1.1450
0.0700,1.1450
0.0707,1.1399
0.0713,1.1450
0.0718,1.1399
0.0724,1.1450
0.0730,1.1450
0.0736,1.1399
0.0742,1.1399
0.0748,1.1399
0.0754,1.1450
0.0760,1.1450
0.0766,1.1450
0.0772,1.1450
0.0778,1.1450
0.0783,1.1450
0.0789,1.1450
0.0796,1.1500
0.0802,1.1349
0.0808,1.1450
0.0814,1.1450
0.0821,1.1450
0.0827,1.1450
0.0832,1.1450
0.0838,1.1399
0.0844,1.1450
0.0850,1.1450
0.0855,1.1450
0.0861,1.1399
0.0867,1.1450
0.0874,1.1450
0.0880,1.1349
0.0886,1.1399
0.0892,1.1399
0.0898,1.1399
0.0904,1.1399
0.0910,1.1450
0.0915,1.1450
0.0921,1.1399
0.0927,1.1450
0.0933,1.1450
0.0939,1.1450
0.0945,1.1399
0.0951,1.1450
0.0957,1.1450
0.0962,1.1450
0.0968,1.1399
0.0974,1.1399
0.0980,1.1399
0.0987,1.1399
0.0993,1.1399
0.0999,1.1450
0.1005,1.1450
0.1011,1.1450
0.1016,1.1450
0.1022,1.1399
0.1027,1.1399
0.1033,1.1399
0.1038,1.1450
0.1044,1.1399
0.1049,1.1450
0.1055,1.1450
0.1060,1.1450
0.1065,1.1399
0.1071,1.1399
0.1076,1.1450
0.1082,1.1450
0.1087,1.1399
0.1092,1.1349
0.1098,1.1500
0.1103,1.1399
0.1109,1.1450
0.1115,1.1450
0.1120,1.1399
0.1126,1.1399
0.1132,1.1500
0.1137,1.1399
0.1143,1.1500
0.1149,1.1399
0.1154,1.1450
0.1160,1.1450
0.1166,1.1399
0.1171,1.1450
0.1177,1.1450
0.1183,1.1450
0.1189,1.1399
0.1195,1.1450
0.1201,1.1399
0.1208,1.1450
0.1214,1.1399
0.1221,1.1399
0.1227,1.1450
0.1233,1.1450
0.1239,1.1450
0.1245,1.1349
0.1250,1.1399
0.1256,1.1450
0.1263,1.1450
0.1269,1.1349
0.1274,1.1399
0.1281,1.1399
0.1286,1.1349
0.1292,1.1450
0.1297,1.1399
0.1303,1.1399
0.1309,1.1399
0.1315,1.1399
0.1321,1.1450
0.1326,1.1450
0.1332,1.1450
0.1337,1.1450
0.1345,1.1450
0.1352,1.1399
0.1358,1.1450
0.1363,1.1450
0.1369,1.1450
0.1374,1.1450
0.1379,1.1450
0.1385,1.1399
0.1390,1.1450
0.1396,1.1450
0.1403,1.1450
0.1409,1.1450
0.1415,1.1399
0.1421,1.1450
0.1427,1.1450
0.1433,1.1450
0.1439,1.1500
0.1445,1.1450
0.1451,1.1450
0.1457,1.1450
0.1463,1.1450
0.1469,1.1399
0.1475,1.1399
0.1481,1.1399
0.1486,1.1450
0.1492,1.1349
0.1498,1.1399
0.1504,1.1450
0.1510,1.1450
0.1517,1.1450
0.1523,1.1349
0.1528,1.1450
0.1534,1.1450
0.1539,1.1399
0.1545,1.1399
0.1550,1.1450
0.1556,1.1450
0.1562,1.1450
0.1567,1.1399
0.1578,1.1399
0.1584,1.1450
0.1590,1.1450
0.1595,1.1450
0.1616,1.1399
0.1622,1.1399
0.1627,1.1399
0.1633,1.1450
0.1638,1.1450
0.1645,1.1450
0.1652,1.1399
0.1659,1.1500
0.1665,1.1500
0.1671,1.1399
0.1677,1.1450
0.1683,1.1399
0.1689,1.1450
0.1694,1.1450
0.1701,1.1399
0.1707,1.1399
0.1715,1.1450
0.1723,1.1349
0.1730,1.1399
0.1736,1.1450
0.1743,1.1450
0.1749,1.1399
0.1756,1.1450
0.1763,1.1450
0.1771,1.1450
0.1777,1.1399
0.1783,1.1349
0.1790,1.1450
0.1796,1.1450
0.1824,1.1399
0.1830,1.1399
0.1836,1.1450
0.1841,1.1399
0.1847,1.1450
0.1853,1.1399
0.1859,1.1399
0.1864,1.1450
0.1870,1.1399
0.1875,1.1399
0.1880,1.1399
0.1886,1.1450
0.1891,1.1450
0.1897,1.1450
0.1902,1.1399
0.1908,1.1399
0.1913,1.1450
0.1919,1.1450
0.1924,1.1399
0.1930,1.1399
0.1936,1.1450
0.1941,1.1450
0.1947,1.1450
0.1953,1.1450
0.1958,1.1450
0.1965,1.1450
0.1970,1.1399
0.1976,1.1399
0.1982,1.1450
0.1987,1.1349
0.1993,1.1450
0.1999,1.1399
0.2005,1.1450
0.2011,1.1399
0.2016,1.1399
0.2022,1.1450
0.2028,1.1450
0.2033,1.1450
0.2038,1.1349
0.2044,1.1399
0.2049,1.1450
0.2055,1.1450
0.2060,1.1399
0.2065,1.1399
0.2071,1.1399
0.2076,1.1450
0.2082,1.1399
0.2087,1.1399
0.2093,1.1399
0.2098,1.1399
0.2104,1.1450
0.2110,1.1450
0.2116,1.1450
0.2121,1.1450
0.2126,1.1450
0.2132,1.1399
0.2137,1.1399
0.2143,1.1399
0.2149,1.1399
0.2154,1.1399
0.2160,1.1399
0.2166,1.1399
0.2172,1.1399
0.2178,1.1450
0.2183,1.1450
0.2189,1.1399
0.2195,1.1450
0.2201,1.1450
0.2207,1.1399
0.2213,1.1450
0.2219,1.1450
0.2232,1.1399
0.2239,1.1399
0.2245,1.1399
0.2251,1.1450
0.2256,1.1399
0.2262,1.1450
0.2268,1.1450
0.2273,1.1399
0.2279,1.1399
0.2284,1.1399
0.2290,1.1450
0.2295,1.1399
0.2300,1.1450
0.2306,1.1450
0.2311,1.1450
0.2317,1.1450
0.2322,1.1450
0.2327,1.1399
0.2332,1.1349
0.2338,1.1450
0.2343,1.1399
0.2349,1.1450
0.2355,1.1399
0.2361,1.1450
0.2366,1.1399
0.2372,1.1450
0.2377,1.1399
0.2383,1.1399
0.2389,1.1349
0.2394,1.1450
0.2400,1.1399
0.2406,1.1450
0.2412,1.1399
0.2418,1.1399
0.2424,1.1349
0.2430,1.1399
0.2435,1.1399
0.2441,1.1399
0.2447,1.1399
0.2453,1.1450
0.2459,1.1399
0.2465,1.1399
0.2470,1.1450
0.2476,1.1450
0.2482,1.1450
0.2487,1.1450
0.2493,1.1450
0.2499,1.1399
0.2505,1.1399
0.2511,1.1349
0.2517,1.1399
0.2523,1.1450
0.2529,1.1450
0.2534,1.1450
0.2540,1.1500
0.2546,1.1450
0.2552,1.1349
0.2557,1.1450
0.2563,1.1399
0.2569,1.1450
0.2575,1.1450
0.2581,1.1399
0.2587,1.1399
0.2593,1.1450
0.2599,1.1450
0.2605,1.1450
0.2610,1.1450
0.2616,1.1450
0.2621,1.1399
0.2627,1.1399
0.2632,1.1399
0.2638,1.1450
0.2643,1.1450
0.2649,1.1399
0.2655,1.1399
0.2660,1.1450
0.2666,1.1450
0.2672,1.1500
0.2677,1.1399
0.2683,1.1399
0.2689,1.1399
0.2695,1.1399
0.2701,1.1500
0.2707,1.1450
0.2713,1.1399
0.2719,1.1450
0.2725,1.1399
0.2731,1.1450
0.2737,1.1399
0.2743,1.1399
0.2749,1.1450
0.2755,1.1450
0.2768,1.1399
0.2775,1.1399
0.2782,1.1450
0.2788,1.1399
0.2795,1.1399
0.2800,1.1399
0.2806,1.1450
0.2812,1.1399
0.2818,1.1450
0.2823,1.1450
0.2829,1.1450
0.2835,1.1399
0.2841,1.1450
0.2847,1.1399
0.2853,1.1399
0.2859,1.1349
0.2865,1.1450
0.2871,1.1450
0.2877,1.1450
0.2882,1.1450
0.2888,1.1450
0.2894,1.1450
0.2899,1.1450
0.2905,1.1399
0.2911,1.1450
0.2917,1.1399
0.2922,1.1399
0.2928,1.1349
0.2934,1.1399
0.2940,1.1450
0.2945,1.1399
0.2951,1.1450
0.2957,1.1450
0.2962,1.1450
0.2968,1.1450
0.2973,1.1399
0.2979,1.1399
0.2985,1.1450
0.2990,1.1399
0.2996,1.1450
0.3001,1.1399
0.3007,1.1399
0.3012,1.1450
0.3018,1.1450
0.3024,1.1450
0.3029,1.1399
0.3035,1.1349
0.3040,1.1450
0.3046,1.1450
0.3051,1.1450
0.3056,1.1450
0.3062,1.1450
0.3067,1.1450
0.3073,1.1399
0.3078,1.1399
0.3083,1.1399
0.3089,1.1399
0.3094,1.1399
0.3100,1.1399
0.3105,1.1450
0.3111,1.1450
0.3116,1.1399
0.3122,1.1450
0.3128,1.1500
0.3133,1.1399
0.3139,1.1399
0.3144,1.1450
0.3150,1.1450
0.3156,1.1399
0.3162,1.1399
0.3168,1.1450
0.3173,1.1399
0.3179,1.1399
0.3185,1.1450
0.3191,1.1450
0.3197,1.1399
0.3203,1.1399
0.3209,1.1399
0.3215,1.1399
0.3221,1.1450
0.3227,1.1399
0.3233,1.1450
0.3239,1.1399
0.3245,1.1399
0.3252,1.1399
0.3258,1.1450
0.3263,1.1450
0.3269,1.1399
0.3275,1.1399
0.3281,1.1450
0.3287,1.1399
0.3293,1.1450
0.3299,1.1450
0.3305,1.1399
0.3311,1.1399
0.3317,1.1399
0.3322,1.1399
0.3328,1.1399
0.3334,1.1399
0.3340,1.1450
0.3346,1.1399
0.3352,1.1450
0.3357,1.1450
0.3364,1.1399
0.3370,1.1399
0.3376,1.1399
0.3382,1.1399
0.3388,1.1399
0.3394,1.1450
0.3400,1.1450
0.3406,1.1450
0.3417,1.1399
0.3423,1.1450
0.3429,1.1399
0.3435,1.1450
0.3441,1.1450
0.3447,1.1450
0.3453,1.1399
0.3458,1.1399
0.3463,1.1450
0.3469,1.1399
0.3474,1.1450
0.3480,1.1399
0.3485,1.1450
0.3491,1.1450
0.3496,1.1450
0.3502,1.1450
0.3508,1.1450
0.3513,1.1450
0.3519,1.1349
0.3524,1.1349
0.3530,1.1399
0.3535,1.1450
0.3541,1.1399
0.3546,1.1450
0.3551,1.1399
0.3557,1.1450
0.3562,1.1450
0.3567,1.1399
0.3573,1.1399
0.3578,1.1399
0.3583,1.1399
0.3589,1.1450
0.3594,1.1399
0.3600,1.1450
0.3605,1.1399
0.3611,1.1399
0.3616,1.1450
0.3622,1.1450
0.3627,1.1450
0.3632,1.1399
0.3638,1.1450
0.3643,1.1450
0.3649,1.1450
0.3654,1.1450
0.3660,1.1399
0.3665,1.1399
0.3670,1.1450
0.3676,1.1399
0.3682,1.1399
0.3687,1.1399
0.3693,1.1399
0.3698,1.1399
0.3704,1.1450
0.3709,1.1450
0.3715,1.1399
0.3720,1.1399
0.3726,1.1450
0.3732,1.1399
0.3738,1.1399
0.3744,1.1450
0.3750,1.1450
0.3756,1.1450
0.3762,1.1450
0.3768,1.1399
0.3775,1.1450
0.3781,1.1450
0.3787,1.1450
0.3793,1.1450
0.3799,1.1450
0.3805,1.1349
0.3811,1.1399
0.3817,1.1450
0.3823,1.1450
0.3829,1.1450
0.3836,1.1399
0.3842,1.1450
0.3848,1.1450
0.3854,1.1399
0.3860,1.1399
0.3866,1.1450
0.3872,1.1450
0.3878,1.1450
0.3884,1.1450
0.3890,1.1399
0.3896,1.1450
0.3902,1.1349
0.3908,1.1349
0.3914,1.1500
0.3920,1.1450
0.3926,1.1399
0.3931,1.1450
0.3937,1.1399
0.3943,1.1450
0.3949,1.1500
0.3955,1.1399
0.3961,1.1399
0.3967,1.1399
0.3973,1.1450
0.3979,1.1349
0.3985,1.1399
0.3992,1.1450
0.3998,1.1399
0.4004,1.1450
0.4010,1.1450
0.4016,1.1450
0.4022,1.1450
0.4028,1.1450
0.4034,1.1399
0.4040,1.1450
0.4046,1.1399
0.4052,1.1450
0.4058,1.1399
0.4064,1.1450
0.4070,1.1450
0.4076,1.1399
0.4082,1.1399
0.4089,1.1399
0.4096,1.1450
0.4102,1.1399
0.4108,1.1399
0.4115,1.1399
0.4121,1.1450
0.4127,1.1399
0.4133,1.1399
0.4139,1.1450
0.4145,1.1399
0.4151,1.1399
0.4156,1.1399
0.4162,1.1399
0.4168,1.1450
0.4174,1.1450
0.4180,1.1399
0.4186,1.1399
0.4192,1.1399
0.4198,1.1399
0.4204,1.1450
0.4209,1.1450
0.4215,1.1450
0.4220,1.1399
0.4226,1.1450
0.4231,1.1399
0.4236,1.1399
0.4242,1.1399
0.4247,1.1399
0.4252,1.1450
0.4258,1.1450
0.4263,1.1500
0.4268,1.1450
0.4274,1.1399
0.4279,1.1450
0.4285,1.1450
0.4290,1.1450
0.4295,1.1399
0.4301,1.1450
0.4306,1.1450
0.4312,1.1450
0.4318,1.1399
0.4323,1.1399
0.4329,1.1399
0.4334,1.1399
0.4339,1.1450
0.4345,1.1450
0.4350,1.1349
0.4355,1.1399
0.4361,1.1399
0.4366,1.1399
0.4371,1.1399
0.4377,1.1450
0.4382,1.1399
0.4387,1.1450
0.4393,1.1450
0.4398,1.1399
0.4403,1.1450
0.4409,1.1450
0.4414,1.1450
0.4419,1.1399
0.4425,1.1450
0.4430,1.1349
0.4435,1.1450
0.4441,1.1399
0.4446,1.1450
0.4451,1.1399
0.4456,1.1450
0.4462,1.1399
0.4467,1.1450
0.4472,1.1450
0.4477,1.1450
0.4483,1.1450
0.4488,1.1399
0.4493,1.1399
0.4498,1.1450
0.4504,1.1450
0.4509,1.1450
0.4514,1.1399
0.4519,1.1399
0.4524,1.1450
0.4530,1.1450
0.4535,1.1399
0.4540,1.1399
0.4545,1.1450
0.4551,1.1399
0.4556,1.1399
0.4561,1.1399
0.4566,1.1450
0.4572,1.1399
0.4577,1.1450
0.4582,1.1450
0.4587,1.1399
0.4593,1.1399
0.4598,1.1450
0.4603,1.1399
0.4608,1.1349
0.4613,1.1399
0.4619,1.1450
0.4624,1.1450
0.4629,1.1450
0.4634,1.1450
0.4640,1.1450
0.4645,1.1399
0.4650,1.1450
0.4655,1.1399
0.4661,1.1450
0.4666,1.1450
0.4671,1.1450
0.4676,1.1399
0.4681,1.1399
0.4687,1.1450
0.4692,1.1450
0.4697,1.1450
0.4702,1.1399
0.4708,1.1450
0.4713,1.1399
0.4718,1.1399
0.4723,1.1450
0.4729,1.1450
0.4734,1.1450
0.4739,1.1399
0.4744,1.1450
0.4749,1.1450
0.4755,1.1399
0.4760,1.1399
0.4765,1.1450
0.4770,1.1450
0.4776,1.1450
0.4781,1.1450
0.4786,1.1450
0.4791,1.1450
0.4797,1.1399
0.4802,1.1349
0.4807,1.1450
0.4812,1.1399
0.4817,1.1399
0.4823,1.1450
0.4828,1.1450
0.4833,1.1399
0.4838,1.1399
0.4844,1.1450
0.4849,1.1399
0.4854,1.1399
0.4859,1.1399
0.4864,1.1399
0.4870,1.1399
0.4875,1.1450
0.4880,1.1450
0.4885,1.1450
0.4891,1.1450
0.4896,1.1450
0.4901,1.1450
0.4906,1.1450
0.4911,1.1450
0.4917,1.1450
0.4922,1.1399
0.4927,1.1450
0.4932,1.1399
0.4938,1.1450
0.4943,1.1450
0.4948,1.1399
0.4953,1.1399
0.4959,1.1399
0.4964,1.1450
0.4969,1.1450
0.4974,1.1450
0.4979,1.1399
0.4985,1.1399
0.4990,1.1450
0.4995,1.1450
0.5000,1.1450
0.5006,1.1450
0.5011,1.1450
0.5016,1.1450
0.5021,1.1450
0.5027,1.1450
0.5032,1.1399
0.5037,1.1450
0.5042,1.1399
0.5047,1.1450
0.5053,1.1399
0.5058,1.1399
0.5063,1.1450
0.5068,1.1450
0.5073,1.1399
0.5079,1.1399
0.5084,1.1399
0.5089,1.1399
0.5094,1.1450
0.5100,1.1450
0.5105,1.1450
0.5110,1.1450
0.5115,1.1450
0.5121,1.1399
0.5126,1.1450
0.5131,1.1450
0.5136,1.1450
0.5141,1.1399
0.5147,1.1399
0.5152,1.1399
0.5157,1.1450
0.5162,1.1450
0.5168,1.1450
0.5173,1.1450
0.5178,1.1450
0.5183,1.1450
0.5189,1.1450
0.5194,1.1399
0.5199,1.1450
0.5204,1.1399
0.5210,1.1399
0.5215,1.1450
0.5220,1.1399
0.5225,1.1399
0.5230,1.1399
0.5236,1.1450
0.5241,1.1399
0.5246,1.1399
0.5251,1.1450
0.5257,1.1399
0.5262,1.1349
0.5267,1.1399
0.5272,1.1399
0.5277,1.1399
0.5283,1.1450
0.5288,1.1399
0.5293,1.1399
0.5299,1.1450
0.5304,1.1399
0.5309,1.1399
0.5315,1.1399
0.5320,1.1450
0.5325,1.1450
0.5330,1.1399
0.5336,1.1450
0.5341,1.1399
0.5346,1.1450
0.5351,1.1450
0.5356,1.1450
0.5362,1.1399
0.5367,1.1450
0.5372,1.1399
0.5377,1.1399
0.5383,1.1450
0.5388,1.1399
0.5393,1.1450
0.5398,1.1450
0.5404,1.1399
0.5409,1.1450
0.5414,1.1450
0.5419,1.1450
0.5425,1.1399
0.5430,1.1399
0.5435,1.1450
0.5440,1.1399
0.5445,1.1399
0.5451,1.1399
0.5456,1.1399
0.5461,1.1450
0.5466,1.1399
0.5472,1.1450
0.5477,1.1399
0.5482,1.1399
0.5487,1.1399
0.5492,1.1399
0.5498,1.1399
0.5503,1.1450
0.5508,1.1450
0.5513,1.1399
0.5519,1.1399
0.5524,1.1450
0.5529,1.1399
0.5534,1.1450
0.5540,1.1450
0.5545,1.1450
0.5550,1.1450
0.5555,1.1450
0.5561,1.1450
0.5566,1.1399
0.5571,1.1399
0.5576,1.1399
0.5582,1.1450
0.5587,1.1399
0.5592,1.1450
0.5597,1.1450
0.5603,1.1399
0.5608,1.1399
0.5613,1.1450
0.5618,1.1399
0.5623,1.1450
0.5629,1.1450
0.5634,1.1450
0.5639,1.1450
0.5644,1.1450
0.5650,1.1399
0.5655,1.1450
0.5660,1.1450
0.5665,1.1450
0.5671,1.1450
0.5676,1.1450
0.5681,1.1399
0.5686,1.1450
0.5692,1.1399
0.5697,1.1399
0.5702,1.1399
0.5707,1.1399
0.5712,1.1450
0.5718,1.1450
0.5723,1.1399
0.5728,1.1399
0.5733,1.1399
0.5739,1.1450
0.5744,1.1399
0.5749,1.1399
0.5754,1.1450
0.5759,1.1450
0.5765,1.1399
0.5770,1.1399
0.5775,1.1450
0.5780,1.1450
0.5786,1.1399
0.5791,1.1450
0.5796,1.1450
0.5801,1.1399
0.5806,1.1450
0.5812,1.1399
0.5817,1.1399
0.5822,1.1399
0.5827,1.1349
0.5833,1.1399
0.5838,1.1399
0.5843,1.1399
0.5848,1.1399
0.5854,1.1399
0.5859,1.1399
0.5864,1.1450
0.5869,1.1450
0.5874,1.1450
0.5880,1.1450
0.5885,1.1450
0.5890,1.1399
0.5895,1.1450
0.5901,1.1450
0.5906,1.1450
0.5911,1.1399
0.5916,1.1450
0.5922,1.1399
0.5927,1.1450
0.5932,1.1399
0.5937,1.1399
0.5943,1.1450
0.5948,1.1450
0.5953,1.1399
0.5958,1.1450
0.5963,1.1399
0.5969,1.1450
0.5974,1.1450
0.5979,1.1450
0.5984,1.1399
0.5990,1.1450
0.5995,1.1399
0.6000,1.1450
0.6005,1.1450
0.6011,1.1450
0.6016,1.1450
0.6021,1.1399
0.6026,1.1399
0.6032,1.1349
0.6037,1.1399
0.6042,1.1450
0.6047,1.1399
0.6052,1.1399
0.6058,1.1399
0.6063,1.1450
0.6068,1.1399
0.6073,1.1450
0.6079,1.1450
0.6084,1.1399
0.6089,1.1450
0.6094,1.1399
0.6100,1.1399
0.6105,1.1399
0.6110,1.1399
0.6115,1.1450
0.6120,1.1450
0.6126,1.1450
0.6131,1.1450
0.6136,1.1399
0.6141,1.1399
0.6147,1.1399
0.6152,1.1399
0.6157,1.1450
0.6162,1.1399
0.6168,1.1399
0.6173,1.1399
0.6178,1.1349
0.6183,1.1450
0.6189,1.1399
0.6194,1.1450
0.6199,1.1450
0.6204,1.1450
0.6209,1.1399
0.6215,1.1399
0.6220,1.1450
0.6225,1.1399
0.6230,1.1450
0.6236,1.1450
0.6241,1.1450
0.6246,1.1450
0.6251,1.1399
0.6257,1.1399
0.6262,1.1399
0.6267,1.1349
0.6273,1.1399
0.6278,1.1399
0.6284,1.1399
0.6290,1.1399
0.6295,1.1399
0.6301,1.1399
0.6306,1.1450
0.6312,1.1399
0.6317,1.1450
0.6323,1.1450
0.6328,1.1399
0.6333,1.1399
0.6339,1.1450
0.6344,1.1450
0.6349,1.1399
0.6355,1.1399
0.6360,1.1399
0.6366,1.1450
0.6375,1.1450
0.6380,1.1399
0.6386,1.1399
0.6391,1.1399
0.6397,1.1450
0.6402,1.1450
0.6408,1.1399
0.6413,1.1399
0.6419,1.1399
0.6425,1.1399
0.6430,1.1399
0.6435,1.1450
0.6441,1.1399
0.6446,1.1450
0.6451,1.1450
0.6457,1.1399
0.6462,1.1349
0.6467,1.1450
0.6472,1.1450
0.6477,1.1500
0.6483,1.1399
0.6488,1.1399
0.6493,1.1450
0.6498,1.1399
0.6503,1.1450
0.6509,1.1450
0.6514,1.1399
0.6519,1.1450
0.6525,1.1399
0.6530,1.1399
0.6535,1.1399
0.6540,1.1500
0.6546,1.1399
0.6551,1.1450
0.6556,1.1399
0.6561,1.1450
0.6566,1.1450
0.6572,1.1399
0.6577,1.1450
0.6582,1.1450
0.6587,1.1450
0.6592,1.1399
0.6598,1.1399
0.6603,1.1450
0.6608,1.1399
0.6613,1.1399
0.6619,1.1349
0.6624,1.1399
0.6629,1.1450
0.6634,1.1399
0.6640,1.1450
0.6645,1.1450
0.6650,1.1450
0.6655,1.1399
0.6661,1.1399
0.6666,1.1399
0.6671,1.1399
0.6676,1.1450
0.6682,1.1450
0.6687,1.1450
0.6692,1.1399
0.6698,1.1450
0.6703,1.1399
0.6708,1.1399
0.6713,1.1399
0.6718,1.1450
0.6724,1.1399
0.6729,1.1399
0.6734,1.1399
0.6739,1.1399
0.6744,1.1450
0.6750,1.1450
0.6755,1.1399
0.6760,1.1399
0.6765,1.1349
0.6771,1.1399
0.6776,1.1399
0.6781,1.1399
0.6786,1.1349
0.6791,1.1399
0.6797,1.1399
0.6802,1.1399
0.6807,1.1399
0.6812,1.1450
0.6817,1.1450
0.6823,1.1450
0.6828,1.1450
0.6833,1.1399
0.6838,1.1450
0.6843,1.1450
0.6849,1.1399
0.6854,1.1450
0.6859,1.1450
0.6864,1.1399
0.6869,1.1399
0.6875,1.1450
0.6880,1.1399
0.6885,1.1399
0.6890,1.1399
0.6895,1.1450
0.6901,1.1399
0.6906,1.1450
0.6911,1.1450
0.6916,1.1450
0.6921,1.1450
0.6927,1.1399
0.6932,1.1399
0.6937,1.1450
0.6942,1.1399
0.6947,1.1450
0.6953,1.1399
0.6958,1.1399
0.6963,1.1399
0.6968,1.1399
0.6973,1.1450
0.6979,1.1450
0.6984,1.1450
0.6989,1.1450
0.6994,1.1450
0.6999,1.1450
0.7005,1.1450
0.7010,1.1450
0.7015,1.1450
0.7020,1.1450
0.7026,1.1399
0.7031,1.1399
0.7036,1.1399
0.7041,1.1450
0.7046,1.1399
0.7052,1.1399
0.7057,1.1399
0.7062,1.1399
0.7067,1.1450
0.7072,1.1349
0.7078,1.1450
0.7083,1.1399
0.7088,1.1450
0.7093,1.1450
0.7099,1.1399
0.7104,1.1399
0.7109,1.1450
0.7114,1.1399
0.7119,1.1399
0.7125,1.1450
0.7130,1.1399
0.7135,1.1399
0.7140,1.1399
0.7145,1.1450
0.7151,1.1450
0.7156,1.1450
0.7161,1.1349
0.7166,1.1399
0.7171,1.1399
0.7177,1.1450
0.7182,1.1450
0.7187,1.1450
0.7192,1.1450
0.7197,1.1450
0.7203,1.1450
0.7208,1.1399
0.7213,1.1399
0.7218,1.1450
0.7223,1.1450
0.7229,1.1399
0.7234,1.1399
0.7239,1.1399
0.7244,1.1399
0.7249,1.1399
0.7255,1.1450
0.7260,1.1399
0.7265,1.1399
0.7270,1.1399
0.7276,1.1450
0.7281,1.1450
0.7286,1.1450
0.7291,1.1349
0.7297,1.1399
0.7302,1.1399
0.7307,1.1399
0.7312,1.1450
0.7318,1.1399
0.7323,1.1450
0.7328,1.1500
0.7333,1.1450
0.7338,1.1450
0.7344,1.1450
0.7349,1.1399
0.7354,1.1399
0.7359,1.1450
0.7364,1.1399
0.7370,1.1450
0.7375,1.1399
0.7380,1.1399
0.7385,1.1399
0.7390,1.1399
0.7396,1.1450
0.7401,1.1399
0.7406,1.1399
0.7411,1.1450
0.7416,1.1399
0.7422,1.1450
0.7427,1.1450
0.7432,1.1450
0.7437,1.1450
0.7442,1.1399
0.7448,1.1399
0.7453,1.1399
0.7458,1.1450
0.7463,1.1399
0.7468,1.1450
0.7474,1.1399
0.7479,1.1450
0.7484,1.1399
0.7489,1.1450
0.7494,1.1399
0.7500,1.1450
0.7505,1.1399
0.7510,1.1399
0.7515,1.1450
0.7520,1.1399
0.7526,1.1399
0.7531,1.1450
0.7536,1.1450
0.7541,1.1450
0.7546,1.1399
0.7552,1.1399
0.7557,1.1450
0.7562,1.1399
0.7567,1.1450
0.7572,1.1450
0.7578,1.1450
0.7583,1.1450
0.7588,1.1399
0.7593,1.1450
0.7599,1.1399
0.7604,1.1450
0.7609,1.1399
0.7614,1.1450
0.7619,1.1450
0.7625,1.1450
0.7630,1.1399
0.7635,1.1450
0.7640,1.1450
0.7645,1.1399
0.7651,1.1399
0.7656,1.1399
0.7661,1.1450
0.7666,1.1450
0.7671,1.1399
0.7677,1.1349
0.7682,1.1399
0.7687,1.1399
0.7692,1.1450
0.7697,1.1450
0.7703,1.1399
0.7708,1.1450
0.7713,1.1399
0.7718,1.1399
0.7723,1.1450
0.7729,1.1450
0.7734,1.1399
0.7739,1.1450
0.7744,1.1450
0.7750,1.1399
0.7755,1.1399
0.7760,1.1450
0.7765,1.1399
0.7770,1.1399
0.7776,1.1450
0.7781,1.1399
0.7786,1.1399
0.7791,1.1399
0.7796,1.1450
0.7802,1.1399
0.7807,1.1450
0.7812,1.1450
0.7817,1.1450
0.7822,1.1450
0.7828,1.1450
0.7833,1.1399
0.7838,1.1450
0.7843,1.1450
0.7849,1.1399
0.7854,1.1399
0.7859,1.1450
0.7864,1.1399
0.7869,1.1399
0.7875,1.1450
0.7880,1.1399
0.7885,1.1399
0.7890,1.1450
0.7896,1.1450
0.7901,1.1399
0.7906,1.1399
0.7911,1.1399
0.7916,1.1399
0.7922,1.1399
0.7927,1.1399
0.7932,1.1399
0.7937,1.1399
0.7943,1.1450
0.7948,1.1349
0.7953,1.1399
0.7958,1.1399
0.7963,1.1399
0.7969,1.1349
0.7974,1.1450
0.7979,1.1450
0.7984,1.1399
0.7990,1.1349
0.7995,1.1450
0.8000,1.1450
0.8005,1.1399
0.8011,1.1349
0.8016,1.1399
0.8021,1.1450
0.8026,1.1450
0.8031,1.1399
0.8037,1.1399
0.8042,1.1399
0.8047,1.1450
0.8052,1.1399
0.8057,1.1450
0.8063,1.1450
0.8068,1.1399
0.8073,1.1450
0.8078,1.1399
0.8084,1.1450
0.8089,1.1399
0.8094,1.1399
0.8099,1.1399
0.8104,1.1399
0.8110,1.1399
0.8115,1.1450
0.8120,1.1399
0.8125,1.1399
0.8131,1.1399
0.8136,1.1399
0.8141,1.1450
0.8146,1.1399
0.8151,1.1399
0.8157,1.1450
0.8162,1.1399
0.8167,1.1399
0.8172,1.1450
0.8178,1.1450
0.8183,1.1450
0.8188,1.1450
0.8193,1.1450
0.8198,1.1450
0.8204,1.1450
0.8209,1.1399
0.8214,1.1399
0.8219,1.1349
0.8224,1.1399
0.8230,1.1399
0.8235,1.1399
0.8240,1.1399
0.8245,1.1450
0.8250,1.1450
0.8256,1.1399
0.8261,1.1349
0.8266,1.1349
0.8271,1.1450
0.8276,1.1399
0.8282,1.1450
0.8287,1.1399
0.8292,1.1450
0.8297,1.1399
0.8303,1.1349
0.8308,1.1399
0.8313,1.1399
0.8318,1.1450
0.8323,1.1399
0.8329,1.1450
0.8334,1.1399
0.8339,1.1450
0.8344,1.1450
0.8350,1.1399
0.8355,1.1399
0.8360,1.1450
0.8365,1.1450
0.8370,1.1399
0.8376,1.1399
0.8381,1.1450
0.8386,1.1399
0.8391,1.1450
0.8396,1.1399
0.8402,1.1399
0.8407,1.1399
0.8412,1.1450
0.8417,1.1450
0.8423,1.1450
0.8428,1.1399
0.8433,1.1450
0.8438,1.1399
0.8443,1.1450
0.8449,1.1450
0.8454,1.1399
0.8459,1.1450
0.8464,1.1399
0.8469,1.1450
0.8475,1.1399
0.8480,1.1450
0.8485,1.1399
0.8490,1.1399
0.8496,1.1399
0.8501,1.1450
0.8506,1.1450
0.8511,1.1399
0.8516,1.1399
0.8522,1.1450
0.8527,1.1450
0.8532,1.1450
0.8537,1.1399
0.8546,1.1450
0.8570,1.1399
0.8576,1.1450
0.8581,1.1450
0.8587,1.1450
0.8593,1.1500
0.8598,1.1399
0.8604,1.1399
0.8610,1.1399
0.8615,1.1450
0.8621,1.1399
0.8626,1.1399
0.8631,1.1349
0.8637,1.1399
0.8642,1.1450
0.8647,1.1450
0.8652,1.1450
0.8658,1.1399
0.8663,1.1399
0.8668,1.1450
0.8673,1.1450
0.8679,1.1450
0.8684,1.1450
0.8689,1.1399
0.8694,1.1450
0.8700,1.1450
0.8705,1.1399
0.8710,1.1450
0.8716,1.1399
0.8721,1.1399
0.8726,1.1450
0.8731,1.1450
0.8736,1.1399
0.8742,1.1450
0.8747,1.1349
0.8752,1.1450
0.8757,1.1450
0.8762,1.1450
0.8768,1.1399
0.8773,1.1399
0.8778,1.1450
0.8783,1.1399
0.8788,1.1450
0.8794,1.1399
0.8799,1.1450
0.8804,1.1450
0.8809,1.1450
0.8814,1.1349
0.8820,1.1399
0.8825,1.1450
0.8830,1.1399
0.8835,1.1399
0.8840,1.1399
0.8846,1.1450
0.8851,1.1450
0.8856,1.1450
0.8861,1.1450
0.8867,1.1399
0.8872,1.1450
0.8877,1.1450
0.8882,1.1399
0.8887,1.1399
0.8893,1.1450
0.8898,1.1450
0.8903,1.1450
0.8908,1.1399
0.8913,1.1450
0.8919,1.1450
0.8924,1.1450
0.8929,1.1399
0.8934,1.1399
0.8939,1.1450
0.8945,1.1399
0.8950,1.1399
0.8955,1.1450
0.8960,1.1450
0.8965,1.1399
0.8971,1.1450
0.8976,1.1450
0.8981,1.1399
0.8986,1.1450
0.8992,1.1450
0.8997,1.1450
0.9002,1.1450
0.9007,1.1399
0.9012,1.1450
0.9018,1.1450
0.9023,1.1450
0.9028,1.1399
0.9033,1.1399
0.9038,1.1399
0.9044,1.1399
0.9049,1.1399
0.9054,1.1450
0.9059,1.1450
0.9064,1.1399
0.9070,1.1399
0.9075,1.1450
0.9080,1.1399
0.9085,1.1450
0.9091,1.1399
0.9096,1.1399
0.9101,1.1399
0.9106,1.1399
0.9111,1.1399
0.9117,1.1399
0.9122,1.1450
0.9127,1.1450
0.9132,1.1399
0.9137,1.1399
0.9143,1.1399
0.9148,1.1349
0.9153,1.1399
0.9158,1.1399
0.9163,1.1450
0.9169,1.1399
0.9174,1.1450
0.9179,1.1399
0.9184,1.1450
0.9189,1.1399
0.9195,1.1399
0.9200,1.1399
0.9205,1.1450
0.9210,1.1399
0.9215,1.1450
0.9221,1.1450
0.9226,1.1450
0.9231,1.1450
0.9236,1.1450
0.9241,1.1450
0.9247,1.1450
0.9252,1.1450
0.9257,1.1450
0.9262,1.1450
0.9267,1.1399
0.9273,1.1450
0.9278,1.1450
0.9283,1.1450
0.9288,1.1399
0.9294,1.1399
0.9299,1.1450
0.9304,1.1450
0.9309,1.1450
0.9314,1.1399
0.9320,1.1450
0.9325,1.1399
0.9330,1.1450
0.9335,1.1349
0.9341,1.1450
0.9346,1.1450
0.9351,1.1399
0.9356,1.1399
0.9361,1.1450
0.9367,1.1450
0.9372,1.1399
0.9377,1.1450
0.9382,1.1399
0.9387,1.1450
0.9393,1.1399
0.9398,1.1450
0.9403,1.1450
0.9408,1.1399
0.9414,1.1399
0.9419,1.1450
0.9424,1.1399
0.9429,1.1399
0.9434,1.1399
0.9440,1.1399
0.9445,1.1399
0.9450,1.1399
0.9455,1.1500
0.9460,1.1450
0.9466,1.1399
0.9471,1.1399
0.9476,1.1450
0.9481,1.1450
0.9486,1.1399
0.9492,1.1450
0.9497,1.1399
0.9502,1.1349
0.9507,1.1399
0.9512,1.1450
0.9518,1.1450
0.9523,1.1399
0.9528,1.1349
0.9533,1.1450
0.9538,1.1399
0.9544,1.1399
0.9549,1.1450
0.9554,1.1399
0.9559,1.1399
0.9564,1.1450
0.9570,1.1450
0.9575,1.1399
0.9580,1.1399
0.9585,1.1450
0.9590,1.1450
0.9596,1.1349
0.9601,1.1399
0.9606,1.1399
0.9611,1.1450
0.9616,1.1399
0.9622,1.1450
0.9627,1.1450
0.9632,1.1399
0.9637,1.1399
0.9642,1.1399
0.9648,1.1399
0.9653,1.1450
0.9658,1.1399
0.9663,1.1349
0.9668,1.1450
0.9674,1.1399
0.9679,1.1450
0.9684,1.1450
0.9689,1.1450
0.9694,1.1450
0.9700,1.1450
0.9705,1.1399
0.9710,1.1399
0.9715,1.1450
0.9720,1.1450
0.9726,1.1399
0.9731,1.1450
0.9736,1.1450
0.9741,1.1450
0.9746,1.1399
0.9752,1.1450
0.9757,1.1399
0.9762,1.1399
0.9767,1.1399
0.9772,1.1450
0.9778,1.1450
0.9783,1.1399
0.9788,1.1349
0.9793,1.1450
0.9799,1.1399
0.9804,1.1399
0.9809,1.1399
0.9814,1.1450
0.9819,1.1450
0.9825,1.1399
0.9830,1.1450
0.9835,1.1450
0.9840,1.1450
0.9845,1.1399
0.9851,1.1399
0.9856,1.1450
0.9861,1.1450
0.9866,1.1399
0.9871,1.1399
0.9877,1.1399
0.9882,1.1399
0.9887,1.1399
0.9892,1.1349
0.9897,1.1399
0.9903,1.1399
0.9908,1.1399
0.9913,1.1450
0.9918,1.1399
0.9924,1.1399
0.9929,1.1399
0.9934,1.1399
0.9939,1.1399
0.9944,1.1399
0.9950,1.1399
0.9955,1.1450
0.9960,1.1450
0.9965,1.1450
0.9971,1.1399
0.9976,1.1349
0.9981,1.1500
0.9986,1.1399
0.9992,1.1450
0.9997,1.1450
1.0002,1.1450
1.0007,1.1450
1.0012,1.1450
1.0018,1.1450
1.0023,1.1399
1.0028,1.1399
1.0033,1.1399
1.0039,1.1450
1.0044,1.1399
1.0049,1.1450
1.0054,1.1349
1.0059,1.1399
1.0065,1.1399
1.0070,1.1399
1.0075,1.1399
1.0080,1.1399
1.0086,1.1450
1.0091,1.1399
1.0096,1.1450
1.0101,1.1450
1.0106,1.1450
1.0112,1.1399
1.0117,1.1450
1.0122,1.1399
1.0127,1.1450
1.0133,1.1399
1.0138,1.1399
1.0143,1.1450
1.0148,1.1399
1.0153,1.1450
1.0159,1.1450
1.0164,1.1450
1.0169,1.1450
1.0174,1.1450
1.0180,1.1399
1.0185,1.1399
1.0190,1.1399
1.0195,1.1399
1.0201,1.1450
1.0206,1.1450
1.0211,1.1399
1.0216,1.1450
1.0221,1.1450
1.0227,1.1399
1.0232,1.1399
1.0237,1.1349
1.0242,1.1399
1.0248,1.1399
1.0253,1.1450
1.0258,1.1450
1.0263,1.1450
1.0268,1.1450
1.0274,1.1450
1.0279,1.1450
1.0284,1.1399
1.0289,1.1399
1.0295,1.1399
1.0300,1.1450
1.0305,1.1450
1.0310,1.1399
1.0315,1.1399
1.0321,1.1399
1.0326,1.1399
1.0331,1.1399
1.0336,1.1399
1.0342,1.1399
1.0347,1.1399
1.0352,1.1450
1.0357,1.1450
1.0362,1.1399
1.0368,1.1399
1.0373,1.1399
1.0378,1.1399
1.0383,1.1450
1.0388,1.1450
1.0394,1.1399
1.0399,1.1450
1.0404,1.1450
1.0409,1.1399
1.0415,1.1399
1.0420,1.1450
1.0425,1.1399
1.0430,1.1450
1.0435,1.1450
1.0441,1.1399
1.0446,1.1450
1.0451,1.1399
1.0456,1.1399
1.0462,1.1450
1.0467,1.1450
1.0472,1.1399
1.0477,1.1450
1.0482,1.1399
1.0488,1.1399
1.0493,1.1399
1.0498,1.1399
1.0503,1.1399
1.0509,1.1399
1.0514,1.1399
1.0519,1.1450
1.0524,1.1450
1.0529,1.1399
1.0535,1.1450
1.0540,1.1399
1.0545,1.1450
1.0550,1.1450
1.0555,1.1399
1.0561,1.1450
1.0566,1.1450
1.0571,1.1399
1.0576,1.1399
1.0582,1.1450
1.0587,1.1450
1.0592,1.1450
1.0597,1.1450
1.0602,1.1450
1.0608,1.1450
1.0613,1.1399
1.0618,1.1450
1.0623,1.1450
1.0629,1.1500
1.0634,1.1450
1.0639,1.1450
1.0644,1.1399
1.0650,1.1399
1.0655,1.1450
1.0660,1.1399
1.0665,1.1399
1.0670,1.1450
1.0676,1.1399
1.0681,1.1450
1.0686,1.1450
1.0691,1.1399
1.0697,1.1399
1.0702,1.1450
1.0707,1.1399
1.0712,1.1450
1.0717,1.1399
1.0723,1.1399
1.0728,1.1450
1.0733,1.1399
1.0738,1.1450
1.0744,1.1399
1.0749,1.1349
1.0754,1.1450
1.0759,1.1349
1.0764,1.1399
1.0770,1.1399
1.0775,1.1450
1.0780,1.1450
1.0785,1.1450
1.0790,1.1399
1.0796,1.1399
1.0801,1.1399
1.0806,1.1399
1.0811,1.1399
1.0817,1.1399
1.0822,1.1450
1.0827,1.1399
1.0832,1.1450
1.0837,1.1399
1.0843,1.1399
1.0848,1.1399
1.0853,1.1399
1.0858,1.1399
1.0863,1.1399
1.0869,1.1399
1.0874,1.1349
1.0879,1.1450
1.0884,1.1450
1.0890,1.1399
1.0895,1.1399
1.0900,1.1399
1.0905,1.1399
1.0910,1.1450
1.0916,1.1450
1.0921,1.1450
1.0926,1.1450
1.0931,1.1450
1.0937,1.1399
1.0942,1.1450
1.0947,1.1399
1.0952,1.1450
1.0957,1.1399
1.0963,1.1450
1.0968,1.1399
1.0973,1.1399
1.0978,1.1399
1.0983,1.1399
1.0989,1.1450
1.0994,1.1450
1.0999,1.1450
1.1004,1.1399
1.1010,1.1399
1.1015,1.1399
1.1020,1.1399
1.1025,1.1399
1.1030,1.1450
1.1036,1.1450
1.1041,1.1399
1.1046,1.1399
1.1051,1.1399
1.1057,1.1450
1.1062,1.1399
1.1067,1.1450
1.1072,1.1450
1.1077,1.1399
1.1083,1.1399
1.1088,1.1399
1.1093,1.1399
1.1098,1.1399
1.1104,1.1450
1.1109,1.1450
1.1114,1.1450
1.1119,1.1399
1.1125,1.1450
1.1130,1.1399
1.1135,1.1399
1.1140,1.1399
1.1145,1.1349
1.1151,1.1399
1.1156,1.1349
1.1161,1.1399
1.1166,1.1399
1.1172,1.1399
1.1177,1.1399
1.1182,1.1399
1.1187,1.1399
1.1192,1.1399
1.1198,1.1399
1.1203,1.1450
1.1208,1.1450
1.1213,1.1450
1.1219,1.1450
1.1224,1.1450
1.1229,1.1450
1.1234,1.1450
1.1239,1.1450
1.1245,1.1399
1.1250,1.1450
1.1255,1.1450
1.1260,1.1399
1.1270,1.1399
1.1300,1.1450
1.1305,1.1399
1.1311,1.1399
1.1316,1.1399
1.1322,1.1450
1.1327,1.1399
1.1332,1.1399
1.1338,1.1450
1.1343,1.1450
1.1348,1.1450
1.1354,1.1450
1.1359,1.1349
1.1365,1.1399
1.1370,1.1450
1.1376,1.1450
1.1382,1.1399
1.1387,1.1399
1.1401,1.1399
1.1407,1.1399
1.1412,1.1399
1.1417,1.1399
1.1423,1.1450
1.1429,1.1399
1.1434,1.1450
1.1439,1.1450
1.1444,1.1399
1.1450,1.1450
1.1455,1.1399
1.1460,1.1450
1.1465,1.1399
1.1470,1.1450
1.1476,1.1399
1.1481,1.1399
1.1486,1.1450
1.1491,1.1399
1.1497,1.1450
1.1502,1.1450
1.1507,1.1450
1.1512,1.1399
1.1517,1.1450
1.1523,1.1450
1.1528,1.1450
1.1534,1.1399
1.1539,1.1399
1.1544,1.1399
1.1549,1.1399
1.1554,1.1399
1.1560,1.1450
1.1565,1.1399
1.1570,1.1399
1.1575,1.1399
1.1581,1.1399
1.1586,1.1399
1.1591,1.1450
1.1596,1.1399
1.1601,1.1450
1.1607,1.1399
1.1612,1.1450
1.1617,1.1450
1.1622,1.1450
1.1628,1.1399
1.1633,1.1349
1.1638,1.1399
1.1643,1.1399
1.1648,1.1399
1.1654,1.1450
1.1659,1.1399
1.1664,1.1399
1.1669,1.1399
1.1674,1.1399
1.1680,1.1399
1.1685,1.1450
1.1690,1.1399
1.1696,1.1450
1.1701,1.1450
1.1706,1.1399
1.1711,1.1399
1.1717,1.1450
1.1722,1.1450
1.1727,1.1450
1.1732,1.1399
1.1737,1.1399
1.1743,1.1349
1.1748,1.1399
1.1753,1.1399
1.1758,1.1399
1.1764,1.1450
1.1769,1.1450
1.1774,1.1450
1.1779,1.1450
1.1784,1.1450
1.1790,1.1399
1.1795,1.1450
1.1800,1.1399
1.1805,1.1450
1.1811,1.1450
1.1816,1.1399
1.1821,1.1450
1.1826,1.1450
1.1831,1.1399
1.1837,1.1450
1.1842,1.1450
1.1847,1.1450
1.1852,1.1399
1.1857,1.1399
1.1863,1.1450
1.1868,1.1450
1.1873,1.1399
1.1878,1.1399
1.1884,1.1399
1.1889,1.1399
1.1894,1.1450
1.1899,1.1399
1.1905,1.1399
1.1910,1.1399
1.1915,1.1450
1.1920,1.1399
1.1925,1.1399
1.1931,1.1450
1.1936,1.1399
1.1941,1.1399
1.1946,1.1399
1.1952,1.1399
1.1957,1.1450
1.1962,1.1450
1.1967,1.1450
1.1973,1.1399
1.1978,1.1450
1.1983,1.1399
1.1988,1.1399
1.1994,1.1450
1.1999,1.1450
1.2004,1.1450
1.2009,1.1450
1.2014,1.1399
1.2020,1.1450
1.2025,1.1450
1.2030,1.1399
1.2036,1.1399
1.2041,1.1399
1.2046,1.1450
1.2051,1.1450
1.2056,1.1450
1.2062,1.1399
1.2067,1.1399
1.2072,1.1450
1.2077,1.1399
1.2082,1.1450
1.2088,1.1399
1.2093,1.1450
1.2098,1.1450
1.2103,1.1450
1.2109,1.1450
1.2114,1.1399
1.2119,1.1399
1.2124,1.1349
1.2130,1.1399
1.2135,1.1399
1.2140,1.1399
1.2145,1.1399
1.2151,1.1399
1.2156,1.1399
1.2161,1.1450
1.2166,1.1399
1.2171,1.1450
1.2177,1.1450
1.2182,1.1450
1.2187,1.1450
1.2192,1.1399
1.2198,1.1450
1.2203,1.1450
1.2208,1.1399
1.2213,1.1349
1.2219,1.1450
1.2224,1.1450
1.2229,1.1399
1.2234,1.1399
1.2240,1.1349
1.2245,1.1399
1.2250,1.1399
1.2255,1.1399
1.2260,1.1399
1.2266,1.1399
1.2271,1.1399
1.2276,1.1399
1.2281,1.1399
1.2287,1.1399
1.2292,1.1399
1.2297,1.1450
1.2302,1.1399
1.2308,1.1399
1.2313,1.1450
1.2318,1.1399
1.2323,1.1450
1.2329,1.1450
1.2334,1.1399
1.2339,1.1399
1.2344,1.1399
1.2349,1.1399
1.2355,1.1450
1.2360,1.1399
1.2365,1.1450
1.2370,1.1399
1.2376,1.1399
1.2381,1.1450
1.2386,1.1399
1.2391,1.1399
1.2397,1.1450
1.2402,1.1399
1.2407,1.1450
1.2412,1.1399
1.2418,1.1450
1.2423,1.1450
1.2428,1.1450
1.2433,1.1399
1.2438,1.1450
1.2444,1.1450
1.2449,1.1450
1.2454,1.1399
1.2459,1.1450
1.2464,1.1450
1.2470,1.1450
1.2475,1.1399
1.2480,1.1399
1.2485,1.1399
1.2491,1.1450
1.2496,1.1450
1.2501,1.1399
1.2506,1.1450
1.2511,1.1450
1.2517,1.1450
1.2522,1.1399
1.2527,1.1399
1.2532,1.1450
1.2538,1.1399
1.2543,1.1450
1.2548,1.1399
1.2553,1.1399
1.2559,1.1399
1.2564,1.1399
1.2569,1.1399
1.2574,1.1450
1.2580,1.1450
1.2585,1.1450
1.2590,1.1399
1.2595,1.1450
1.2601,1.1450
1.2606,1.1450
1.2612,1.1450
1.2618,1.1399
1.2623,1.1399
1.2628,1.1399
1.2634,1.1450
1.2639,1.1399
1.2645,1.1450
1.2650,1.1450
1.2656,1.1450
1.2661,1.1450
1.2666,1.1399
1.2672,1.1450
1.2677,1.1399
1.2683,1.1399
1.2688,1.1399
1.2694,1.1450
1.2699,1.1450
1.2705,1.1399
1.2710,1.1399
1.2716,1.1450
1.2721,1.1399
1.2727,1.1450
1.2732,1.1399
1.2737,1.1450
1.2743,1.1450
1.2748,1.1399
1.2754,1.1450
1.2759,1.1450
1.2765,1.1450
1.2770,1.1450
1.2775,1.1450
1.2781,1.1450
1.2786,1.1450
1.2792,1.1450
1.2797,1.1450
1.2803,1.1399
1.2808,1.1450
1.2814,1.1399
1.2819,1.1399
1.2824,1.1399
1.2830,1.1399
1.2835,1.1450
1.2841,1.1450
1.2846,1.1399
1.2852,1.1450
1.2857,1.1399
1.2863,1.1450
1.2868,1.1399
1.2873,1.1450
1.2879,1.1450
1.2884,1.1399
1.2890,1.1450
1.2895,1.1399
1.2901,1.1399
1.2906,1.1450
1.2912,1.1450
1.2917,1.1450
1.2922,1.1399
1.2928,1.1399
1.2933,1.1450
1.2939,1.1450
1.2944,1.1399
1.2950,1.1399
1.2955,1.1450
1.2960,1.1450
1.2966,1.1399
1.2971,1.1399
1.2977,1.1399
1.2982,1.1399
1.2988,1.1399
1.2993,1.1450
1.2999,1.1399
1.3004,1.1450
1.3010,1.1399
1.3015,1.1399
1.3020,1.1399
1.3026,1.1399
1.3031,1.1399
1.3037,1.1450
1.3042,1.1349
1.3048,1.1450
1.3053,1.1450
1.3059,1.1399
1.3064,1.1450
1.3069,1.1450
1.3075,1.1450
1.3080,1.1399
1.3086,1.1450
1.3091,1.1399
1.3097,1.1450
1.3102,1.1399
1.3107,1.1450
1.3113,1.1399
1.3118,1.1399
1.3124,1.1399
1.3129,1.1450
1.3135,1.1399
1.3140,1.1450
1.3146,1.1450
1.3151,1.1399
1.3156,1.1399
1.3162,1.1399
1.3167,1.1399
1.3173,1.1450
1.3178,1.1399
1.3184,1.1450
1.3189,1.1450
1.3194,1.1399
1.3200,1.1349
1.3205,1.1399
1.3211,1.1399
1.3216,1.1450
1.3222,1.1450
1.3227,1.1399
1.3233,1.1399
1.3238,1.1450
1.3243,1.1450
1.3249,1.1450
1.3254,1.1399
1.3260,1.1450
1.3265,1.1450
1.3271,1.1399
1.3276,1.1399
1.3281,1.1399
1.3287,1.1450
1.3292,1.1450
1.3298,1.1450
1.3303,1.1450
1.3309,1.1450
1.3314,1.1450
1.3320,1.1450
1.3325,1.1399
1.3330,1.1399
1.3336,1.1450
1.3341,1.1399
1.3347,1.1399
1.3352,1.1399
1.3358,1.1450
1.3363,1.1399
1.3369,1.1399
1.3374,1.1399
1.3380,1.1450
1.3385,1.1450
1.3391,1.1399
1.3396,1.1399
1.3401,1.1399
1.3407,1.1399
1.3412,1.1450
1.3418,1.1450
1.3423,1.1450
1.3428,1.1399
1.3434,1.1450
1.3439,1.1399
1.3445,1.1399
1.3450,1.1450
1.3455,1.1450
1.3461,1.1399
1.3466,1.1399
1.3472,1.1450
1.3477,1.1399
1.3483,1.1399
1.3488,1.1450
1.3493,1.1399
1.3499,1.1450
1.3504,1.1399
1.3510,1.1450
1.3515,1.1450
1.3521,1.1399
1.3526,1.1399
1.3532,1.1399
1.3537,1.1399
1.3542,1.1399
1.3548,1.1399
1.3553,1.1399
1.3559,1.1399
1.3564,1.1399
1.3570,1.1399
1.3575,1.1450
1.3580,1.1399
1.3586,1.1399
1.3591,1.1450
1.3597,1.1450
1.3602,1.1450
1.3609,1.1450
1.3614,1.1450
1.3620,1.1450
1.3625,1.1450
1.3631,1.1399
1.3636,1.1450
1.3642,1.1450
1.3647,1.1349
1.3653,1.1399
1.3658,1.1450
1.3664,1.1450
1.3669,1.1349
1.3675,1.1399
1.3680,1.1450
1.3686,1.1450
1.3691,1.1399
1.3697,1.1399
1.3702,1.1399
1.3708,1.1399
1.3713,1.1450
1.3719,1.1399
1.3724,1.1399
1.3730,1.1399
1.3735,1.1450
1.3741,1.1450
1.3746,1.1399
1.3752,1.1450
1.3757,1.1399
1.3763,1.1450
1.3768,1.1450
1.3774,1.1399
1.3779,1.1450
1.3785,1.1450
1.3790,1.1450
1.3796,1.1450
1.3801,1.1399
1.3807,1.1399
1.3812,1.1399
1.3818,1.1399
1.3823,1.1399
1.3829,1.1399
1.3834,1.1399
1.3840,1.1450
1.3845,1.1399
1.3851,1.1450
1.3856,1.1450
1.3862,1.1399
1.3867,1.1399
1.3873,1.1399
1.3878,1.1399
1.3884,1.1399
1.3889,1.1399
1.3895,1.1399
1.3900,1.1399
1.3906,1.1399
1.3911,1.1450
1.3917,1.1399
1.3922,1.1399
1.3928,1.1450
1.3933,1.1399
1.3939,1.1399
1.3944,1.1399
1.3950,1.1399
1.3955,1.1399
1.3961,1.1399
1.3966,1.1399
1.3972,1.1450
1.3977,1.1399
1.3983,1.1399
1.3988,1.1399
1.3994,1.1399
1.3999,1.1399
1.4005,1.1450
1.4010,1.1399
1.4016,1.1399
1.4021,1.1450
1.4027,1.1450
1.4032,1.1399
1.4038,1.1399
1.4043,1.1399
1.4049,1.1399
1.4054,1.1399
1.4060,1.1450
1.4065,1.1399
1.4071,1.1399
1.4076,1.1399
1.4082,1.1450
1.4087,1.1450
1.4093,1.1349
1.4098,1.1500
1.4105,1.1450
1.4110,1.1349
1.4116,1.1450
1.4121,1.1349
1.4127,1.1450
1.4132,1.1450
1.4138,1.1399
1.4143,1.1399
1.4149,1.1450
1.4154,1.1399
1.4160,1.1399
1.4165,1.1450
1.4171,1.1399
1.4176,1.1399
1.4182,1.1450
1.4187,1.1399
1.4193,1.1349
1.4198,1.1349
1.4204,1.1399
1.4209,1.1450
1.4215,1.1399
1.4220,1.1450
1.4226,1.1450
1.4231,1.1399
1.4237,1.1399
1.4242,1.1399
1.4248,1.1450
1.4253,1.1399
1.4259,1.1399
1.4264,1.1450
1.4270,1.1399
1.4275,1.1399
1.4281,1.1450
1.4286,1.1399
1.4291,1.1450
1.4297,1.1450
1.4303,1.1450
1.4308,1.1399
1.4314,1.1450
1.4320,1.1399
1.4325,1.1450
1.4331,1.1399
1.4336,1.1399
1.4342,1.1349
1.4347,1.1399
1.4353,1.1450
1.4358,1.1450
1.4364,1.1349
1.4369,1.1450
1.4375,1.1450
1.4380,1.1399
1.4386,1.1450
1.4391,1.1349
1.4397,1.1450
1.4403,1.1450
1.4408,1.1399
1.4414,1.1399
1.4419,1.1450
1.4425,1.1450
1.4430,1.1399
1.4436,1.1399
1.4441,1.1450
1.4447,1.1399
1.4452,1.1450
1.4458,1.1399
1.4463,1.1450
1.4469,1.1399
1.4474,1.1450
1.4479,1.1399
1.4485,1.1399
1.4490,1.1399
1.4496,1.1450
1.4501,1.1399
1.4507,1.1450
1.4512,1.1450
1.4518,1.1399
1.4523,1.1399
1.4529,1.1399
1.4534,1.1399
1.4540,1.1450
1.4545,1.1450
1.4551,1.1399
1.4557,1.1399
1.4562,1.1450
1.4568,1.1450
1.4574,1.1399
1.4580,1.1450
1.4585,1.1399
1.4591,1.1450
1.4597,1.1399
1.4603,1.1399
1.4609,1.1450
1.4615,1.1399
1.4620,1.1450
1.4626,1.1399
1.4632,1.1349
1.4638,1.1399
1.4643,1.1450
1.4649,1.1399
1.4686,1.1450
1.4692,1.1399
1.4697,1.1450
1.4703,1.1399
1.4709,1.1450
1.4714,1.1399
1.4720,1.1399
1.4725,1.1450
1.4730,1.1450
1.4736,1.1399
1.4742,1.1399
1.4748,1.1399
1.4753,1.1450
1.4759,1.1399
1.4764,1.1399
1.4769,1.1450
1.4775,1.1450
1.4780,1.1399
1.4786,1.1450
1.4791,1.1450
1.4797,1.1399
1.4802,1.1399
1.4808,1.1349
1.4814,1.1399
1.4819,1.1399
1.4824,1.1450
1.4830,1.1399
1.4835,1.1399
1.4841,1.1399
1.4846,1.1399
1.4852,1.1450
1.4858,1.1450
1.4864,1.1450
1.4870,1.1399
1.4875,1.1450
1.4881,1.1399
1.4886,1.1450
1.4891,1.1399
1.4897,1.1399
1.4902,1.1399
1.4908,1.1450
1.4913,1.1450
1.4919,1.1450
1.4924,1.1450
1.4930,1.1349
1.4935,1.1450
1.4941,1.1399
1.4946,1.1450
1.4952,1.1399
1.4957,1.1399
1.4963,1.1399
1.4968,1.1399
1.4973,1.1399
1.4979,1.1450
1.4984,1.1399
1.4990,1.1399
1.4995,1.1399
1.5001,1.1399
1.5006,1.1399
1.5012,1.1399
1.5018,1.1399
1.5024,1.1399
1.5030,1.1399
1.5036,1.1399
1.5042,1.1399
1.5047,1.1399
1.5053,1.1399
1.5058,1.1399
1.5064,1.1450
1.5069,1.1450
1.5075,1.1399
1.5080,1.1399
1.5086,1.1450
1.5091,1.1450
1.5097,1.1450
1.5102,1.1450
1.5108,1.1399
1.5113,1.1450
1.5119,1.1399
1.5124,1.1399
1.5130,1.1450
1.5135,1.1450
1.5140,1.1450
1.5146,1.1450
1.5151,1.1399
1.5157,1.1450
1.5162,1.1450
1.5168,1.1399
1.5173,1.1399
1.5179,1.1399
1.5184,1.1399
1.5190,1.1450
1.5195,1.1450
1.5201,1.1399
1.5206,1.1450
1.5212,1.1399
1.5217,1.1450
1.5223,1.1399
1.5228,1.1399
1.5234,1.1399
1.5239,1.1450
1.5245,1.1450
1.5251,1.1399
1.5256,1.1399
1.5262,1.1399
1.5267,1.1450
1.5273,1.1450
1.5278,1.1450
1.5284,1.1450
1.5289,1.1450
1.5295,1.1399
1.5300,1.1450
1.5306,1.1349
1.5311,1.1399
1.5317,1.1450
1.5322,1.1399
1.5328,1.1399
1.5333,1.1399
1.5339,1.1399
1.5344,1.1399
1.5350,1.1399
1.5355,1.1450
1.5361,1.1450
1.5366,1.1450
1.5372,1.1450
1.5377,1.1399
1.5383,1.1450
1.5388,1.1450
1.5394,1.1450
1.5399,1.1450
1.5405,1.1399
1.5411,1.1450
1.5417,1.1450
1.5423,1.1399
1.5428,1.1450
1.5436,1.1399
1.5441,1.1450
1.5447,1.1399
1.5452,1.1399
1.5458,1.1450
1.5463,1.1450
1.5469,1.1399
1.5474,1.1450
1.5480,1.1399
1.5485,1.1450
1.5491,1.1399
1.5496,1.1399
1.5502,1.1450
1.5507,1.1399
1.5513,1.1450
1.5518,1.1450
1.5524,1.1450
1.5529,1.1450
1.5535,1.1399
1.5540,1.1450
1.5546,1.1399
1.5551,1.1399
1.5556,1.1399
1.5562,1.1399
1.5567,1.1450
1.5573,1.1399
1.5578,1.1399
1.5584,1.1399
1.5589,1.1399
1.5595,1.1450
1.5600,1.1399
1.5606,1.1399
1.5611,1.1399
1.5618,1.1450
1.5623,1.1399
1.5629,1.1450
1.5634,1.1450
1.5640,1.1399
1.5645,1.1450
1.5650,1.1399
1.5656,1.1399
1.5661,1.1399
1.5667,1.1399
1.5672,1.1399
1.5677,1.1399
1.5683,1.1399
1.5688,1.1450
1.5693,1.1399
1.5699,1.1399
1.5704,1.1450
1.5710,1.1450
1.5715,1.1450
1.5720,1.1450
1.5726,1.1399
1.5731,1.1399
1.5736,1.1450
1.5742,1.1450
1.5747,1.1450
1.5752,1.1450
1.5758,1.1450
1.5763,1.1399
1.5769,1.1450
1.5774,1.1450
1.5779,1.1450
1.5785,1.1500
1.5790,1.1450
1.5795,1.1450
1.5801,1.1399
1.5806,1.1399
1.5811,1.1349
1.5817,1.1450
1.5822,1.1399
1.5827,1.1399
1.5833,1.1399
1.5838,1.1450
1.5844,1.1399
1.5849,1.1399
1.5854,1.1450
1.5860,1.1399
1.5865,1.1399
1.5871,1.1399
1.5876,1.1450
1.5882,1.1450
1.5887,1.1450
1.5892,1.1399
1.5898,1.1399
1.5903,1.1450
1.5909,1.1399
1.5914,1.1450
1.5919,1.1450
1.5925,1.1399
1.5930,1.1450
1.5936,1.1450
1.5941,1.1399
1.5946,1.1450
1.5952,1.1450
1.5957,1.1399
1.5963,1.1399
1.5968,1.1450
1.5973,1.1399
1.5979,1.1399
1.5984,1.1399
1.5990,1.1399
1.5995,1.1399
1.6000,1.1399
1.6006,1.1450
1.6011,1.1450
1.6016,1.1399
1.6022,1.1450
1.6027,1.1399
1.6033,1.1450
1.6038,1.1399
1.6043,1.1450
1.6049,1.1450
1.6054,1.1399
1.6060,1.1450
1.6065,1.1399
1.6070,1.1450
1.6076,1.1399
1.6081,1.1399
1.6086,1.1399
1.6092,1.1399
1.6097,1.1399
1.6103,1.1399
1.6108,1.1399
1.6113,1.1399
1.6119,1.1450
1.6124,1.1399
1.6130,1.1450
1.6135,1.1450
1.6140,1.1399
1.6146,1.1450
1.6151,1.1450
1.6157,1.1450
1.6162,1.1450
1.6167,1.1399
1.6173,1.1399
1.6178,1.1399
1.6183,1.1399
1.6189,1.1450
1.6194,1.1399
1.6200,1.1399
1.6205,1.1450
1.6211,1.1399
1.6216,1.1450
1.6222,1.1450
1.6227,1.1450
1.6232,1.1450
1.6238,1.1399
1.6243,1.1349
1.6249,1.1399
1.6254,1.1399
1.6259,1.1450
1.6265,1.1399
1.6270,1.1399
1.6278,1.1450
1.6284,1.1450
1.6290,1.1450
1.6296,1.1399
1.6302,1.1349
1.6307,1.1399
1.6313,1.1399
1.6319,1.1399
1.6324,1.1450
1.6329,1.1399
1.6335,1.1399
1.6341,1.1450
1.6346,1.1450
1.6352,1.1450
1.6357,1.1399
1.6363,1.1399
1.6369,1.1450
1.6374,1.1399
1.6379,1.1399
1.6385,1.1399
1.6390,1.1399
1.6395,1.1399
1.6401,1.1399
1.6407,1.1399
1.6412,1.1450
1.6418,1.1450
1.6423,1.1399
1.6429,1.1399
1.6435,1.1450
1.6441,1.1399
1.6446,1.1399
1.6452,1.1399
1.6458,1.1450
1.6463,1.1399
1.6469,1.1399
1.6475,1.1450
1.6480,1.1450
1.6486,1.1450
1.6491,1.1450
1.6497,1.1450
1.6502,1.1349
1.6508,1.1399
1.6513,1.1450
1.6518,1.1399
1.6524,1.1399
1.6529,1.1399
1.6535,1.1450
1.6540,1.1399
1.6546,1.1450
1.6551,1.1450
1.6556,1.1399
1.6562,1.1450
1.6567,1.1399
1.6572,1.1399
1.6578,1.1450
1.6583,1.1399
1.6588,1.1450
1.6594,1.1349
1.6599,1.1399
1.6604,1.1399
1.6610,1.1399
1.6615,1.1399
1.6622,1.1399
1.6627,1.1399
1.6632,1.1349
1.6638,1.1450
1.6643,1.1399
1.6648,1.1399
1.6654,1.1450
1.6659,1.1399
1.6665,1.1349
1.6670,1.1450
1.6675,1.1450
1.6681,1.1399
1.6686,1.1399
1.6692,1.1399
1.6697,1.1450
1.6703,1.1450
1.6708,1.1450
1.6714,1.1399
1.6719,1.1399
1.6724,1.1450
1.6730,1.1399
1.6735,1.1399
1.6741,1.1450
1.6746,1.1399
1.6751,1.1450
1.6757,1.1399
1.6762,1.1450
1.6767,1.1450
1.6773,1.1399
1.6778,1.1399
1.6784,1.1399
1.6789,1.1399
1.6794,1.1450
1.6800,1.1399
1.6805,1.1450
1.6811,1.1399
1.6816,1.1399
1.6821,1.1399
1.6827,1.1450
1.6832,1.1450
1.6837,1.1399
1.6843,1.1399
1.6848,1.1399
1.6854,1.1450
1.6859,1.1399
1.6864,1.1349
1.6870,1.1399
1.6875,1.1450
1.6880,1.1399
1.6886,1.1450
1.6891,1.1399
1.6897,1.1450
1.6902,1.1450
1.6908,1.1450
1.6913,1.1399
1.6918,1.1399
1.6924,1.1450
1.6929,1.1399
1.6935,1.1399
1.6940,1.1399
1.6945,1.1450
1.6951,1.1450
1.6956,1.1450
1.6961,1.1399
1.6967,1.1399
1.6972,1.1349
1.6978,1.1399
1.6983,1.1450
1.6988,1.1450
1.6994,1.1450
1.6999,1.1399
1.7004,1.1399
1.7010,1.1399
1.7015,1.1399
1.7021,1.1450
1.7026,1.1450
1.7031,1.1349
1.7037,1.1399
1.7042,1.1450
1.7047,1.1399
1.7053,1.1450
1.7058,1.1450
1.7064,1.1450
1.7069,1.1399
1.7074,1.1399
1.7080,1.1399
1.7085,1.1399
1.7090,1.1399
1.7096,1.1450
1.7101,1.1399
1.7107,1.1399
1.7112,1.1399
1.7117,1.1399
1.7123,1.1399
1.7128,1.1399
1.7134,1.1399
1.7139,1.1399
1.7144,1.1399
1.7150,1.1450
1.7155,1.1349
1.7160,1.1450
1.7166,1.1399
1.7171,1.1450
1.7177,1.1450
1.7182,1.1450
1.7187,1.1450
1.7193,1.1450
1.7198,1.1399
1.7204,1.1399
1.7209,1.1399
1.7214,1.1399
1.7220,1.1399
1.7225,1.1399
1.7231,1.1399
1.7236,1.1399
1.7241,1.1399
1.7247,1.1399
1.7252,1.1450
1.7257,1.1450
1.7263,1.1450
1.7268,1.1450
1.7274,1.1450
1.7279,1.1450
1.7285,1.1450
1.7290,1.1349
1.7296,1.1450
1.7301,1.1399
1.7306,1.1450
1.7312,1.1399
1.7317,1.1399
1.7323,1.1399
1.7328,1.1399
1.7333,1.1399
1.7339,1.1450
1.7344,1.1399
1.7350,1.1399
1.7355,1.1450
1.7360,1.1450
1.7366,1.1399
1.7371,1.1450
1.7376,1.1399
1.7382,1.1399
1.7387,1.1399
1.7393,1.1450
1.7398,1.1450
1.7403,1.1450
1.7409,1.1399
1.7414,1.1399
1.7419,1.1399
1.7425,1.1450
1.7430,1.1399
1.7436,1.1450
1.7441,1.1399
1.7446,1.1399
1.7452,1.1399
1.7457,1.1399
1.7463,1.1399
1.7468,1.1450
1.7473,1.1450
1.7479,1.1399
1.7484,1.1450
1.7489,1.1399
1.7495,1.1450
1.7500,1.1399
1.7506,1.1399
1.7511,1.1399
1.7516,1.1450
1.7522,1.1450
1.7527,1.1399
1.7532,1.1399
1.7538,1.1399
1.7543,1.1450
1.7549,1.1399
1.7554,1.1450
1.7559,1.1399
1.7565,1.1349
1.7570,1.1450
1.7575,1.1399
1.7581,1.1399
1.7586,1.1399
1.7592,1.1399
1.7597,1.1399
1.7603,1.1399
1.7608,1.1399
1.7613,1.1399
1.7619,1.1450
1.7624,1.1399
1.7630,1.1399
1.7635,1.1399
1.7641,1.1450
1.7646,1.1399
1.7652,1.1450
1.7657,1.1450
1.7663,1.1399
1.7668,1.1450
1.7674,1.1399
1.7679,1.1399
1.7684,1.1399
1.7690,1.1450
1.7700,1.1399
1.7705,1.1450
1.7711,1.1399
1.7717,1.1399
1.7722,1.1450
1.7728,1.1450
1.7733,1.1450
1.7739,1.1450
1.7744,1.1399
1.7750,1.1399
1.7755,1.1399
1.7761,1.1399
1.7766,1.1399
1.7772,1.1450
1.7777,1.1399
1.7783,1.1450
1.7788,1.1399
1.7794,1.1450
1.7799,1.1450
1.7805,1.1399
1.7810,1.1450
1.7816,1.1399
1.7821,1.1399
1.7827,1.1450
1.7832,1.1450
1.7838,1.1399
1.7843,1.1399
1.7849,1.1399
1.7854,1.1399
1.7860,1.1399
1.7865,1.1450
1.7871,1.1450
1.7876,1.1399
1.7882,1.1450
1.7887,1.1450
1.7893,1.1399
1.7898,1.1399
1.7904,1.1399
1.7909,1.1399
1.7915,1.1399
1.7920,1.1450
1.7926,1.1399
1.7931,1.1399
1.7937,1.1450
1.7942,1.1399
1.7948,1.1399
1.7953,1.1399
1.7959,1.1450
1.7964,1.1450
1.7970,1.1450
1.7975,1.1399
1.7981,1.1450
1.7986,1.1450
1.7992,1.1450
1.7997,1.1399
1.8003,1.1399
1.8008,1.1399
1.8014,1.1450
1.8019,1.1450
1.8025,1.1399
1.8030,1.1450
1.8036,1.1450
1.8041,1.1450
1.8047,1.1399
1.8052,1.1450
1.8058,1.1399
1.8063,1.1450
1.8069,1.1399
1.8074,1.1349
1.8080,1.1399
1.8085,1.1450
1.8091,1.1450
1.8096,1.1399
1.8102,1.1399
1.8107,1.1399
1.8113,1.1399
1.8118,1.1450
1.8124,1.1399
1.8129,1.1349
1.8135,1.1349
1.8140,1.1399
1.8146,1.1450
1.8151,1.1399
1.8157,1.1399
1.8162,1.1450
1.8168,1.1399
1.8173,1.1399
1.8179,1.1399
1.8184,1.1399
1.8190,1.1450
1.8195,1.1399
1.8201,1.1349
1.8206,1.1399
1.8212,1.1450
1.8217,1.1399
1.8223,1.1399
1.8228,1.1399
1.8234,1.1399
1.8239,1.1450
1.8245,1.1399
1.8250,1.1399
1.8256,1.1450
1.8261,1.1399
1.8267,1.1450
1.8272,1.1450
1.8278,1.1399
1.8283,1.1450
1.8289,1.1450
1.8294,1.1450
1.8300,1.1450
1.8305,1.1450
1.8311,1.1450
1.8316,1.1349
1.8322,1.1450
1.8327,1.1399
1.8333,1.1399
1.8338,1.1450
1.8344,1.1450
1.8349,1.1450
1.8355,1.1399
1.8360,1.1450
1.8366,1.1399
1.8371,1.1450
1.8377,1.1399
1.8382,1.1399
1.8388,1.1399
1.8393,1.1399
1.8399,1.1450
1.8405,1.1399
1.8410,1.1399
1.8416,1.1450
1.8421,1.1399
1.8427,1.1450
1.8432,1.1399
1.8437,1.1450
1.8443,1.1450
1.8448,1.1399
1.8454,1.1399
1.8459,1.1450
1.8465,1.1450
1.8470,1.1399
1.8476,1.1399
1.8481,1.1450
1.8487,1.1399
1.8492,1.1450
1.8498,1.1399
1.8503,1.1450
1.8509,1.1399
1.8514,1.1450
1.8520,1.1399
1.8525,1.1450
1.8531,1.1450
1.8536,1.1450
1.8542,1.1450
1.8547,1.1399
1.8553,1.1399
1.8558,1.1450
1.8564,1.1450
1.8569,1.1399
1.8575,1.1399
1.8580,1.1399
1.8586,1.1349
1.8591,1.1399
1.8597,1.1450
1.8602,1.1399
1.8608,1.1399
1.8613,1.1450
1.8619,1.1399
1.8624,1.1399
1.8630,1.1450
1.8636,1.1450
1.8641,1.1399
1.8647,1.1399
1.8652,1.1399
1.8658,1.1399
1.8663,1.1450
1.8669,1.1399
1.8674,1.1450
1.8680,1.1450
1.8685,1.1399
1.8691,1.1450
1.8696,1.1399
1.8702,1.1399
1.8707,1.1450
1.8713,1.1450
1.8718,1.1399
1.8724,1.1399
1.8729,1.1399
1.8735,1.1399
1.8740,1.1450
1.8746,1.1399
1.8751,1.1399
1.8757,1.1450
1.8762,1.1399
1.8768,1.1399
1.8773,1.1399
1.8779,1.1450
1.8784,1.1399
1.8790,1.1450
1.8795,1.1450
1.8801,1.1399
1.8806,1.1399
1.8812,1.1450
1.8817,1.1399
1.8823,1.1399
1.8828,1.1399
1.8834,1.1349
1.8839,1.1399
1.8845,1.1450
1.8850,1.1450
1.8856,1.1450
1.8861,1.1399
1.8867,1.1450
1.8872,1.1450
1.8878,1.1450
1.8883,1.1399
1.8889,1.1399
1.8894,1.1399
1.8900,1.1450
1.8905,1.1450
1.8911,1.1399
1.8916,1.1399
1.8922,1.1450
1.8927,1.1450
1.8933,1.1450
1.8938,1.1450
1.8944,1.1450
1.8949,1.1450
1.8955,1.1450
1.8960,1.1450
1.8966,1.1399
1.8971,1.1399
1.8977,1.1399
1.8982,1.1399
1.8988,1.1399
1.8993,1.1399
1.8999,1.1399
1.9004,1.1399
1.9010,1.1399
1.9015,1.1450
1.9021,1.1399
1.9026,1.1399
1.9032,1.1450
1.9037,1.1450
1.9043,1.1399
1.9048,1.1399
1.9054,1.1399
1.9059,1.1399
1.9065,1.1450
1.9070,1.1450
1.9076,1.1450
1.9081,1.1399
1.9087,1.1399
1.9092,1.1450
1.9098,1.1399
1.9103,1.1450
1.9109,1.1450
1.9114,1.1399
1.9120,1.1399
1.9125,1.1450
1.9131,1.1399
1.9136,1.1399
1.9142,1.1399
1.9147,1.1450
1.9153,1.1450
1.9158,1.1399
1.9164,1.1450
1.9169,1.1450
1.9175,1.1450
1.9180,1.1399
1.9186,1.1450
1.9191,1.1399
1.9197,1.1450
1.9202,1.1399
1.9208,1.1450
1.9213,1.1399
1.9219,1.1450
1.9224,1.1399
1.9230,1.1399
1.9235,1.1399
1.9241,1.1399
1.9246,1.1399
1.9252,1.1450
1.9257,1.1399
1.9263,1.1450
1.9268,1.1399
1.9274,1.1450
1.9279,1.1450
1.9285,1.1399
1.9290,1.1450
1.9296,1.1450
1.9301,1.1450
1.9307,1.1399
1.9312,1.1399
1.9318,1.1399
1.9323,1.1399
1.9329,1.1399
1.9334,1.1399
1.9340,1.1450
1.9345,1.1399
1.9351,1.1450
1.9356,1.1450
1.9362,1.1399
1.9367,1.1399
1.9373,1.1399
1.9378,1.1399
1.9384,1.1399
1.9389,1.1399
1.9395,1.1450
1.9400,1.1399
1.9406,1.1399
1.9411,1.1399
1.9417,1.1450
1.9422,1.1399
1.9428,1.1450
1.9433,1.1399
1.9439,1.1349
1.9444,1.1399
1.9450,1.1450
1.9455,1.1399
1.9461,1.1399
1.9466,1.1450
1.9472,1.1399
1.9477,1.1450
1.9483,1.1399
1.9488,1.1399
1.9494,1.1450
1.9499,1.1399
1.9505,1.1399
1.9510,1.1399
1.9516,1.1450
1.9521,1.1399
1.9527,1.1399
1.9532,1.1399
1.9538,1.1399
1.9543,1.1399
1.9549,1.1399
1.9554,1.1399
1.9560,1.1399
1.9565,1.1399
1.9571,1.1399
1.9576,1.1450
1.9582,1.1399
1.9587,1.1399
1.9593,1.1450
1.9599,1.1399
1.9604,1.1399
1.9610,1.1399
1.9615,1.1399
1.9621,1.1399
1.9626,1.1399
1.9632,1.1450
1.9638,1.1399
1.9643,1.1450
1.9649,1.1399
1.9654,1.1399
1.9660,1.1399
1.9665,1.1450
1.9671,1.1399
1.9676,1.1399
1.9682,1.1450
1.9687,1.1450
1.9693,1.1450
1.9698,1.1399
1.9704,1.1399
1.9710,1.1399
1.9715,1.1399
1.9721,1.1450
1.9726,1.1399
1.9732,1.1399
1.9737,1.1450
1.9743,1.1399
1.9748,1.1450
1.9754,1.1399
1.9759,1.1450
1.9765,1.1450
1.9770,1.1450
1.9776,1.1349
1.9781,1.1399
1.9787,1.1399
1.9792,1.1450
1.9798,1.1450
1.9803,1.1399
1.9809,1.1399
1.9814,1.1399
1.9820,1.1399
1.9825,1.1399
1.9831,1.1399
1.9836,1.1399
1.9842,1.1399
1.9847,1.1450
1.9853,1.1399
1.9858,1.1399
1.9864,1.1450
1.9869,1.1450
1.9874,1.1399
1.9880,1.1399
1.9885,1.1450
1.9891,1.1450
1.9896,1.1450
1.9902,1.1399
1.9907,1.1450
1.9913,1.1450
1.9918,1.1450
1.9924,1.1450
1.9929,1.1399
1.9935,1.1450
1.9940,1.1399
1.9946,1.1450
1.9951,1.1399
1.9957,1.1399
1.9962,1.1450
1.9968,1.1399
1.9973,1.1399
1.9979,1.1450
1.9984,1.1450
1.9990,1.1450
1.9995,1.1399
2.0001,1.1399
2.0006,1.1399
2.0012,1.1399
2.0017,1.1399
2.0023,1.1399
2.0028,1.1399
2.0034,1.1450
2.0039,1.1450
2.0045,1.1399
2.0050,1.1450
2.0056,1.1399
2.0061,1.1450
2.0067,1.1399
2.0072,1.1450
2.0078,1.1399
2.0083,1.1450
2.0089,1.1399
2.0094,1.1450
2.0100,1.1399
2.0105,1.1450
2.0111,1.1399
2.0116,1.1349
2.0122,1.1399
2.0127,1.1450
2.0133,1.1399
2.0138,1.1450
2.0144,1.1399
2.0149,1.1450
2.0155,1.1399
2.0160,1.1450
2.0166,1.1399
2.0171,1.1399
2.0177,1.1399
2.0182,1.1450
2.0188,1.1450
2.0193,1.1450
2.0199,1.1399
2.0204,1.1399
2.0210,1.1450
2.0215,1.1450
2.0221,1.1399
2.0226,1.1450
2.0232,1.1399
2.0237,1.1399
2.0243,1.1399
2.0248,1.1450
2.0254,1.1450
2.0259,1.1450
2.0265,1.1450
2.0270,1.1399
2.0276,1.1399
2.0281,1.1399
2.0287,1.1399
2.0292,1.1399
2.0298,1.1399
2.0303,1.1399
2.0309,1.1399
2.0314,1.1399
2.0320,1.1399
2.0325,1.1450
2.0331,1.1399
2.0336,1.1399
2.0342,1.1450
2.0347,1.1450
2.0353,1.1349
2.0358,1.1399
2.0364,1.1399
2.0369,1.1399
2.0375,1.1399
2.0380,1.1450
2.0386,1.1399
2.0392,1.1450
2.0397,1.1450
2.0403,1.1399
2.0408,1.1399
2.0414,1.1399
2.0419,1.1450
2.0424,1.1450
2.0430,1.1399
2.0435,1.1399
2.0441,1.1450
2.0446,1.1399
2.0452,1.1399
2.0457,1.1450
2.0463,1.1399
2.0468,1.1399
2.0474,1.1349
2.0479,1.1399
2.0485,1.1399
2.0490,1.1399
2.0496,1.1450
2.0501,1.1450
2.0507,1.1450
2.0512,1.1399
2.0518,1.1450
2.0523,1.1399
2.0529,1.1399
2.0534,1.1399
2.0540,1.1450
2.0546,1.1450
2.0552,1.1450
2.0559,1.1450
2.0565,1.1450
2.0570,1.1399
2.0576,1.1399
2.0582,1.1399
2.0588,1.1450
2.0594,1.1399
2.0599,1.1450
2.0605,1.1399
2.0611,1.1450
2.0617,1.1399
2.0623,1.1399
2.0628,1.1399
2.0634,1.1399
2.0640,1.1399
2.0646,1.1450
2.0651,1.1399
2.0657,1.1450
2.0662,1.1399
2.0669,1.1399
2.0675,1.1450
2.0680,1.1399
2.0686,1.1399
2.0691,1.1450
2.0697,1.1399
2.0702,1.1399
2.0708,1.1450
2.0713,1.1399
2.0719,1.1450
2.0724,1.1349
2.0730,1.1450
2.0735,1.1399
2.0741,1.1450
2.0746,1.1399
2.0752,1.1450
2.0757,1.1399
2.0762,1.1450
2.0768,1.1399
2.0773,1.1450
2.0779,1.1450
2.0784,1.1450
2.0790,1.1450
2.0795,1.1399
2.0800,1.1399
2.0806,1.1399
2.0811,1.1399
2.0817,1.1399
2.0822,1.1399
2.0828,1.1399
2.0833,1.1349
2.0839,1.1399
2.0844,1.1349
2.0849,1.1450
2.0855,1.1349
2.0860,1.1450
2.0866,1.1399
2.0871,1.1450
2.0877,1.1399
2.0882,1.1450
2.0888,1.1399
2.0893,1.1399
2.0899,1.1399
2.0904,1.1399
2.0910,1.1399
2.0915,1.1450
2.0921,1.1450
2.0926,1.1399
2.0932,1.1399
2.0937,1.1450
2.0942,1.1399
2.0948,1.1450
2.0953,1.1349
2.0959,1.1399
2.0964,1.1349
2.0970,1.1450
2.0975,1.1399
2.0980,1.1399
2.0986,1.1399
2.0991,1.1349
2.0997,1.1399
2.1002,1.1349
2.1008,1.1399
2.1013,1.1399
2.1018,1.1450
2.1024,1.1450
2.1029,1.1450
2.1035,1.1399
2.1040,1.1399
2.1046,1.1450
2.1051,1.1399
2.1057,1.1450
2.1062,1.1399
2.1067,1.1399
2.1073,1.1399
2.1078,1.1399
2.1084,1.1450
2.1089,1.1450
2.1095,1.1399
2.1100,1.1399
2.1106,1.1450
2.1111,1.1450
2.1117,1.1399
2.1122,1.1399
2.1127,1.1450
2.1133,1.1399
2.1138,1.1399
2.1144,1.1399
2.1149,1.1399
2.1155,1.1399
2.1160,1.1399
2.1165,1.1450
2.1171,1.1399
2.1176,1.1450
2.1182,1.1399
2.1187,1.1450
2.1193,1.1399
2.1198,1.1399
2.1204,1.1450
2.1209,1.1399
2.1214,1.1399
2.1220,1.1450
2.1225,1.1399
2.1231,1.1399
2.1236,1.1399
2.1242,1.1399
2.1247,1.1399
2.1252,1.1399
2.1258,1.1399
2.1263,1.1399
2.1269,1.1399
2.1274,1.1399
2.1280,1.1399
2.1286,1.1399
2.1291,1.1450
2.1300,1.1399
2.1306,1.1450
2.1312,1.1399
2.1317,1.1399
2.1323,1.1399
2.1329,1.1399
2.1334,1.1399
2.1340,1.1399
2.1345,1.1399
2.1351,1.1450
2.1356,1.1399
2.1362,1.1450
2.1368,1.1450
2.1373,1.1399
2.1379,1.1399
2.1384,1.1399
2.1390,1.1450
2.1395,1.1450
2.1401,1.1450
2.1406,1.1349
2.1411,1.1399
2.1417,1.1450
2.1422,1.1450
2.1428,1.1450
2.1433,1.1399
2.1439,1.1399
2.1444,1.1399
2.1450,1.1450
2.1456,1.1450
2.1464,1.1399
2.1470,1.1399
2.1475,1.1399
2.1481,1.1399
2.1487,1.1399
2.1492,1.1399
2.1498,1.1450
2.1505,1.1399
2.1511,1.1450
2.1517,1.1450
2.1522,1.1399
2.1528,1.1399
2.1534,1.1399
2.1540,1.1399
2.1545,1.1450
2.1551,1.1450
2.1556,1.1349
2.1562,1.1349
2.1567,1.1450
2.1573,1.1450
2.1578,1.1349
2.1583,1.1450
2.1589,1.1399
2.1594,1.1450
2.1600,1.1399
2.1605,1.1399
2.1611,1.1399
2.1616,1.1399
2.1622,1.1399
2.1627,1.1349
2.1633,1.1399
2.1638,1.1349
2.1645,1.1399
2.1650,1.1399
2.1656,1.1450
2.1662,1.1399
2.1668,1.1399
2.1673,1.1450
2.1678,1.1349
2.1684,1.1399
2.1689,1.1399
2.1695,1.1399
2.1701,1.1399
2.1707,1.1399
2.1712,1.1450
2.1717,1.1399
2.1723,1.1450
2.1728,1.1399
2.1734,1.1399
2.1739,1.1399
2.1744,1.1399
2.1750,1.1450
2.1755,1.1399
2.1761,1.1399
2.1766,1.1399
2.1772,1.1399
2.1777,1.1450
2.1782,1.1450
2.1788,1.1399
2.1793,1.1399
2.1799,1.1399
2.1805,1.1450
2.1810,1.1399
2.1816,1.1399
2.1821,1.1399
2.1826,1.1450
2.1832,1.1399
2.1837,1.1450
2.1843,1.1399
2.1848,1.1399
2.1853,1.1450
2.1859,1.1450
2.1864,1.1399
2.1870,1.1399
2.1875,1.1450
2.1880,1.1399
2.1886,1.1450
2.1891,1.1399
2.1897,1.1399
2.1902,1.1450
2.1907,1.1450
2.1913,1.1450
2.1918,1.1399
2.1924,1.1450
2.1929,1.1399
2.1934,1.1399
2.1940,1.1450
2.1945,1.1399
2.1951,1.1399
2.1956,1.1399
2.1962,1.1399
2.1967,1.1450
2.1972,1.1399
2.1978,1.1399
2.1983,1.1399
2.1989,1.1399
2.1994,1.1450
2.1999,1.1450
2.2005,1.1450
2.2010,1.1399
2.2016,1.1399
2.2021,1.1450
2.2026,1.1450
2.2032,1.1450
2.2037,1.1450
2.2043,1.1399
2.2048,1.1399
2.2053,1.1450
2.2059,1.1450
2.2064,1.1399
2.2070,1.1500
2.2075,1.1450
2.2080,1.1450
2.2086,1.1399
2.2091,1.1450
2.2097,1.1399
2.2102,1.1399
2.2107,1.1399
2.2113,1.1399
2.2118,1.1399
2.2124,1.1399
2.2129,1.1399
2.2134,1.1399
2.2140,1.1450
2.2145,1.1399
2.2151,1.1399
2.2156,1.1450
2.2161,1.1450
2.2167,1.1399
2.2172,1.1399
2.2178,1.1450
2.2183,1.1399
2.2189,1.1399
2.2194,1.1399
2.2199,1.1399
2.2205,1.1450
2.2210,1.1399
2.2216,1.1500
2.2221,1.1450
2.2227,1.1399
2.2232,1.1450
2.2237,1.1399
2.2243,1.1399
2.2248,1.1450
2.2254,1.1399
2.2259,1.1399
2.2265,1.1450
2.2270,1.1450
2.2276,1.1399
2.2281,1.1399
2.2286,1.1450
2.2292,1.1399
2.2297,1.1399
2.2303,1.1399
2.2308,1.1349
2.2314,1.1450
2.2319,1.1399
2.2325,1.1399
2.2330,1.1399
2.2336,1.1399
2.2341,1.1399
2.2346,1.1399
2.2352,1.1349
2.2357,1.1450
2.2363,1.1399
2.2368,1.1450
2.2374,1.1450
2.2379,1.1399
2.2384,1.1399
2.2390,1.1450
2.2395,1.1399
2.2401,1.1399
2.2406,1.1450
2.2412,1.1450
2.2417,1.1399
2.2423,1.1399
2.2428,1.1399
2.2433,1.1450
2.2439,1.1399
2.2445,1.1450
2.2450,1.1450
2.2456,1.1450
2.2461,1.1399
2.2466,1.1399
2.2472,1.1399
2.2477,1.1399
2.2483,1.1450
2.2488,1.1450
2.2494,1.1450
2.2499,1.1399
2.2505,1.1399
2.2510,1.1450
2.2516,1.1349
2.2521,1.1399
2.2527,1.1399
2.2532,1.1399
2.2537,1.1399
2.2543,1.1399
2.2548,1.1399
2.2554,1.1399
2.2559,1.1399
2.2565,1.1399
2.2570,1.1450
2.2576,1.1450
2.2581,1.1399
2.2586,1.1399
2.2592,1.1399
2.2597,1.1450
2.2603,1.1399
2.2608,1.1399
2.2614,1.1399
2.2619,1.1399
2.2625,1.1450
2.2630,1.1349
2.2635,1.1399
2.2641,1.1450
2.2646,1.1450
2.2653,1.1450
2.2658,1.1399
2.2664,1.1450
2.2669,1.1399
2.2675,1.1399
2.2680,1.1399
2.2686,1.1399
2.2691,1.1399
2.2697,1.1450
2.2702,1.1450
2.2708,1.1399
2.2713,1.1399
2.2719,1.1399
2.2724,1.1399
2.2730,1.1399
2.2735,1.1399
2.2741,1.1450
2.2746,1.1399
2.2752,1.1450
2.2757,1.1399
2.2763,1.1399
2.2768,1.1450
2.2774,1.1399
2.2779,1.1450
2.2785,1.1399
2.2790,1.1450
2.2796,1.1399
2.2801,1.1450
2.2807,1.1399
2.2812,1.1399
2.2818,1.1399
2.2823,1.1399
2.2829,1.1450
2.2834,1.1450
2.2840,1.1399
2.2845,1.1399
2.2851,1.1450
2.2856,1.1399
2.2862,1.1450
2.2867,1.1399
2.2873,1.1399
2.2878,1.1349
2.2884,1.1450
2.2889,1.1450
2.2895,1.1399
2.2900,1.1450
2.2906,1.1399
2.2911,1.1450
2.2917,1.1450
2.2923,1.1450
2.2928,1.1399
2.2934,1.1399
2.2939,1.1399
2.2945,1.1450
2.2950,1.1399
2.2956,1.1399
2.2961,1.1349
2.2967,1.1399
2.2972,1.1399
2.2978,1.1399
2.2983,1.1450
2.2989,1.1450
2.2994,1.1399
2.3000,1.1349
2.3005,1.1399
2.3011,1.1399
2.3016,1.1399
2.3022,1.1399
2.3027,1.1399
2.3033,1.1399
2.3038,1.1450
2.3044,1.1399
2.3049,1.1399
2.3055,1.1450
2.3060,1.1399
2.3066,1.1450
2.3071,1.1349
2.3077,1.1399
2.3082,1.1399
2.3088,1.1399
2.3093,1.1450
2.3099,1.1349
2.3104,1.1450
2.3110,1.1399
2.3115,1.1450
2.3121,1.1399
2.3126,1.1450
2.3132,1.1399
2.3137,1.1399
2.3143,1.1450
2.3148,1.1349
2.3154,1.1399
2.3159,1.1399
2.3165,1.1399
2.3170,1.1450
2.3176,1.1399
2.3181,1.1399
2.3187,1.1450
2.3193,1.1450
2.3198,1.1450
2.3204,1.1399
2.3209,1.1399
2.3215,1.1450
2.3220,1.1399
2.3226,1.1399
2.3231,1.1399
2.3237,1.1399
2.3242,1.1450
2.3248,1.1349
2.3253,1.1450
2.3259,1.1399
2.3264,1.1450
2.3270,1.1399
2.3275,1.1450
2.3281,1.1399
2.3286,1.1450
2.3292,1.1399
2.3297,1.1450
2.3303,1.1450
2.3308,1.1450
2.3314,1.1450
2.3319,1.1450
2.3325,1.1399
2.3330,1.1450
2.3336,1.1399
2.3342,1.1399
2.3347,1.1399
2.3353,1.1450
2.3358,1.1450
2.3364,1.1399
2.3369,1.1450
2.3375,1.1399
2.3380,1.1450
2.3386,1.1450
2.3391,1.1399
2.3397,1.1450
2.3402,1.1399
2.3408,1.1399
2.3413,1.1399
2.3419,1.1450
2.3424,1.1399
2.3430,1.1450
2.3435,1.1399
2.3441,1.1450
2.3446,1.1450
2.3451,1.1399
2.3457,1.1399
2.3462,1.1450
2.3468,1.1399
2.3473,1.1450
2.3479,1.1399
2.3484,1.1450
2.3490,1.1399
2.3495,1.1399
2.3501,1.1399
2.3506,1.1399
2.3512,1.1399
2.3517,1.1450
2.3523,1.1349
2.3528,1.1450
2.3534,1.1399
2.3539,1.1450
2.3545,1.1399
2.3550,1.1399
2.3556,1.1450
2.3561,1.1450
2.3567,1.1450
2.3572,1.1349
2.3578,1.1399
2.3583,1.1399
2.3589,1.1450
2.3594,1.1399
2.3600,1.1450
2.3605,1.1450
2.3611,1.1399
2.3616,1.1399
2.3622,1.1450
2.3627,1.1450
2.3633,1.1399
2.3638,1.1349
2.3644,1.1450
2.3649,1.1399
2.3655,1.1450
2.3660,1.1399
2.3666,1.1450
2.3671,1.1399
2.3677,1.1450
2.3682,1.1399
2.3688,1.1399
2.3693,1.1450
2.3699,1.1450
2.3704,1.1450
2.3710,1.1349
2.3715,1.1349
2.3721,1.1399
2.3726,1.1399
2.3732,1.1349
2.3737,1.1399
2.3743,1.1399
2.3748,1.1450
2.3754,1.1399
2.3759,1.1399
2.3765,1.1399
2.3770,1.1399
2.3776,1.1399
2.3781,1.1399
2.3787,1.1450
2.3792,1.1399
2.3798,1.1450
2.3803,1.1399
2.3809,1.1399
2.3814,1.1349
2.3820,1.1450
2.3825,1.1399
2.3831,1.1399
2.3836,1.1399
2.3842,1.1450
2.3847,1.1399
2.3853,1.1399
2.3858,1.1450
2.3864,1.1399
2.3869,1.1450
2.3875,1.1399
2.3880,1.1399
2.3886,1.1399
2.3892,1.1450
2.3897,1.1399
2.3903,1.1399
2.3908,1.1450
2.3914,1.1399
2.3919,1.1450
2.3925,1.1450
2.3930,1.1450
2.3936,1.1399
2.3941,1.1399
2.3947,1.1450
2.3952,1.1349
2.3958,1.1399
2.3963,1.1450
2.3969,1.1399
2.3974,1.1450
2.3980,1.1399
2.3985,1.1399
2.3991,1.1399
2.3996,1.1450
2.4002,1.1399
2.4007,1.1399
2.4013,1.1450
2.4018,1.1399
2.4024,1.1399
2.4029,1.1450
2.4035,1.1399
2.4040,1.1399
2.4046,1.1450
2.4051,1.1399
2.4057,1.1450
2.4062,1.1399
2.4068,1.1399
2.4073,1.1450
2.4079,1.1399
2.4084,1.1399
2.4090,1.1399
2.4095,1.1399
2.4100,1.1349
2.4106,1.1450
2.4111,1.1399
2.4117,1.1399
2.4122,1.1399
2.4128,1.1450
2.4133,1.1399
2.4139,1.1349
2.4144,1.1450
2.4150,1.1450
2.4155,1.1399
2.4161,1.1399
2.4166,1.1399
2.4172,1.1399
2.4177,1.1399
2.4183,1.1450
2.4188,1.1399
2.4194,1.1349
2.4199,1.1399
2.4205,1.1399
2.4210,1.1399
2.4216,1.1399
2.4221,1.1399
2.4227,1.1450
2.4232,1.1399
2.4238,1.1399
2.4248,1.1399
2.4253,1.1399
2.4264,1.1450
2.4270,1.1450
2.4275,1.1450
2.4281,1.1399
2.4286,1.1399
2.4292,1.1399
2.4297,1.1450
2.4303,1.1399
2.4308,1.1399
2.4314,1.1399
2.4319,1.1399
2.4325,1.1399
2.4330,1.1399
2.4336,1.1399
2.4341,1.1399
2.4347,1.1450
2.4352,1.1399
2.4358,1.1450
2.4363,1.1399
2.4369,1.1349
2.4374,1.1399
2.4380,1.1399
2.4385,1.1399
2.4391,1.1399
2.4396,1.1399
2.4402,1.1399
2.4407,1.1399
2.4413,1.1399
2.4418,1.1399
2.4424,1.1349
2.4429,1.1399
2.4435,1.1399
2.4440,1.1399
2.4446,1.1450
2.4451,1.1399
2.4457,1.1450
2.4462,1.1450
2.4468,1.1450
2.4473,1.1399
2.4479,1.1399
2.4484,1.1399
2.4490,1.1399
2.4495,1.1399
2.4501,1.1450
2.4506,1.1399
2.4512,1.1450
2.4517,1.1349
2.4523,1.1399
2.4528,1.1399
2.4534,1.1450
2.4539,1.1450
2.4545,1.1399
2.4550,1.1399
2.4556,1.1399
2.4561,1.1349
2.4567,1.1399
2.4572,1.1399
2.4578,1.1399
2.4583,1.1399
2.4589,1.1450
2.4595,1.1349
2.4600,1.1399
2.4606,1.1450
2.4611,1.1349
2.4617,1.1450
2.4622,1.1450
2.4628,1.1399
2.4633,1.1399
2.4639,1.1450
2.4644,1.1399
2.4650,1.1399
2.4655,1.1450
2.4661,1.1450
2.4666,1.1399
2.4672,1.1399
2.4677,1.1399
2.4683,1.1399
2.4688,1.1299
2.4694,1.1399
2.4699,1.1399
2.4705,1.1399
2.4710,1.1399
2.4716,1.1450
2.4721,1.1399
2.4727,1.1399
2.4732,1.1450
2.4738,1.1450
2.4743,1.1399
2.4749,1.1399
2.4754,1.1450
2.4760,1.1399
2.4765,1.1399
2.4771,1.1399
2.4776,1.1399
2.4782,1.1399
2.4787,1.1450
2.4793,1.1450
2.4799,1.1399
2.4804,1.1399
2.4810,1.1399
2.4815,1.1399
2.4821,1.1399
2.4826,1.1399
2.4832,1.1399
2.4837,1.1399
2.4843,1.1450
2.4848,1.1450
2.4854,1.1399
2.4859,1.1399
2.4865,1.1399
2.4870,1.1399
2.4876,1.1349
2.4881,1.1399
2.4887,1.1399
2.4892,1.1399
2.4898,1.1450
2.4903,1.1349
2.4909,1.1399
2.4914,1.1349
2.4920,1.1399
2.4925,1.1399
2.4931,1.1450
2.4936,1.1450
2.4942,1.1399
2.4947,1.1399
2.4953,1.1450
2.4958,1.1399
2.4964,1.1450
2.4969,1.1349
2.4975,1.1450
2.4980,1.1450
2.4986,1.1450
2.4991,1.1399
2.4997,1.1399
2.5002,1.1399
2.5008,1.1450
2.5013,1.1399
2.5019,1.1450
2.5024,1.1399
2.5030,1.1399
2.5035,1.1399
2.5041,1.1399
2.5046,1.1399
2.5052,1.1399
2.5057,1.1399
2.5063,1.1450
2.5068,1.1450
2.5074,1.1450
2.5079,1.1450
2.5085,1.1450
2.5090,1.1399
2.5096,1.1349
2.5101,1.1450
2.5107,1.1399
2.5112,1.1399
2.5118,1.1399
2.5123,1.1399
2.5129,1.1450
2.5134,1.1399
2.5140,1.1399
2.5145,1.1399
2.5151,1.1450
2.5156,1.1349
2.5162,1.1399
2.5167,1.1450
2.5173,1.1399
2.5178,1.1450
2.5184,1.1399
2.5189,1.1450
2.5195,1.1399
2.5200,1.1399
2.5206,1.1450
2.5211,1.1399
2.5217,1.1399
2.5222,1.1450
2.5228,1.1399
2.5233,1.1399
2.5239,1.1450
2.5244,1.1450
2.5250,1.1399
2.5255,1.1399
2.5261,1.1349
2.5266,1.1399
2.5272,1.1450
2.5277,1.1399
2.5283,1.1399
2.5288,1.1399
2.5294,1.1399
2.5300,1.1399
2.5305,1.1450
2.5311,1.1450
2.5316,1.1399
2.5322,1.1399
2.5327,1.1399
2.5333,1.1399
2.5338,1.1399
2.5344,1.1399
2.5349,1.1450
2.5355,1.1349
2.5360,1.1399
2.5366,1.1399
2.5371,1.1399
2.5377,1.1399
2.5382,1.1450
2.5388,1.1450
2.5393,1.1399
2.5399,1.1399
2.5404,1.1349
2.5410,1.1399
2.5415,1.1450
2.5421,1.1399
2.5426,1.1399
2.5432,1.1450
2.5437,1.1399
2.5443,1.1399
2.5448,1.1450
2.5454,1.1349
2.5459,1.1399
2.5465,1.1399
2.5470,1.1450
2.5476,1.1399
2.5481,1.1399
2.5487,1.1399
2.5492,1.1399
2.5498,1.1399
2.5503,1.1450
2.5509,1.1399
2.5514,1.1399
2.5520,1.1450
2.5525,1.1399
2.5531,1.1399
2.5536,1.1399
2.5542,1.1399
2.5547,1.1399
2.5553,1.1399
2.5558,1.1349
2.5564,1.1399
2.5569,1.1399
2.5575,1.1450
2.5580,1.1349
2.5586,1.1399
2.5591,1.1399
2.5597,1.1399
2.5602,1.1399
2.5608,1.1450
2.5613,1.1399
2.5619,1.1399
2.5624,1.1450
2.5630,1.1450
2.5635,1.1399
2.5641,1.1450
2.5646,1.1399
2.5652,1.1450
2.5657,1.1399
2.5663,1.1399
2.5668,1.1450
2.5674,1.1450
2.5679,1.1399
2.5685,1.1399
2.5690,1.1399
2.5696,1.1450
2.5701,1.1399
2.5707,1.1450
2.5712,1.1450
2.5718,1.1349
2.5723,1.1450
2.5729,1.1399
2.5734,1.1450
2.5740,1.1399
2.5745,1.1399
2.5751,1.1399
2.5756,1.1399
2.5762,1.1399
2.5767,1.1349
2.5773,1.1399
2.5778,1.1399
2.5784,1.1450
2.5789,1.1450
2.5795,1.1450
2.5800,1.1399
2.5806,1.1450
2.5811,1.1399
2.5817,1.1450
2.5822,1.1450
2.5828,1.1399
2.5833,1.1399
2.5839,1.1399
2.5844,1.1399
2.5850,1.1399
2.5855,1.1399
2.5861,1.1399
2.5866,1.1399
2.5872,1.1399
2.5877,1.1450
2.5883,1.1450
2.5888,1.1399
2.5894,1.1450
2.5899,1.1450
2.5905,1.1450
2.5910,1.1450
2.5916,1.1349
2.5921,1.1399
2.5927,1.1399
2.5932,1.1349
2.5938,1.1399
2.5943,1.1450
2.5949,1.1399
2.5954,1.1450
2.5960,1.1450
2.5965,1.1450
2.5971,1.1450
2.5976,1.1399
2.5982,1.1399
2.5987,1.1450
2.5993,1.1399
2.5999,1.1349
2.6004,1.1399
2.6010,1.1399
2.6015,1.1399
2.6021,1.1450
2.6026,1.1399
2.6032,1.1450
2.6038,1.1399
2.6043,1.1450
2.6049,1.1399
2.6054,1.1450
2.6060,1.1399
2.6065,1.1399
2.6071,1.1399
2.6076,1.1450
2.6082,1.1450
2.6087,1.1450
2.6093,1.1399
2.6099,1.1399
2.6104,1.1399
2.6110,1.1399
2.6115,1.1399
2.6121,1.1399
2.6126,1.1399
2.6132,1.1399
2.6137,1.1399
2.6143,1.1450
2.6148,1.1399
2.6154,1.1450
2.6159,1.1450
2.6165,1.1399
2.6170,1.1450
2.6176,1.1349
2.6181,1.1399
2.6187,1.1399
2.6192,1.1399
2.6198,1.1450
2.6203,1.1399
2.6209,1.1450
2.6214,1.1399
2.6220,1.1399
2.6225,1.1450
2.6231,1.1450
2.6236,1.1349
2.6242,1.1399
2.6247,1.1399
2.6253,1.1450
2.6258,1.1399
2.6264,1.1450
2.6269,1.1399
2.6275,1.1450
2.6300,1.1399
2.6306,1.1399
2.6312,1.1450
2.6318,1.1399
2.6324,1.1399
2.6329,1.1399
2.6335,1.1450
2.6340,1.1399
2.6346,1.1399
2.6352,1.1450
2.6357,1.1349
2.6363,1.1399
2.6369,1.1450
2.6375,1.1399
2.6380,1.1450
2.6386,1.1399
2.6391,1.1349
2.6397,1.1399
2.6402,1.1450
2.6408,1.1450
2.6414,1.1399
2.6419,1.1399
2.6425,1.1450
2.6430,1.1399
2.6436,1.1399
2.6441,1.1399
2.6447,1.1349
2.6453,1.1450
2.6459,1.1399
2.6465,1.1399
2.6471,1.1399
2.6477,1.1450
2.6482,1.1399
2.6488,1.1399
2.6494,1.1399
2.6500,1.1450
2.6506,1.1399
2.6512,1.1399
2.6517,1.1450
2.6523,1.1450
2.6528,1.1399
2.6534,1.1399
2.6540,1.1399
2.6546,1.1399
2.6552,1.1450
2.6558,1.1399
2.6564,1.1399
2.6570,1.1399
2.6576,1.1399
2.6581,1.1399
2.6587,1.1399
2.6593,1.1399
2.6599,1.1399
2.6605,1.1399
2.6610,1.1450
2.6616,1.1399
2.6622,1.1399
2.6628,1.1349
2.6634,1.1399
2.6640,1.1399
2.6645,1.1399
2.6651,1.1450
2.6656,1.1450
2.6662,1.1450
2.6669,1.1399
2.6674,1.1450
2.6680,1.1399
2.6685,1.1399
2.6690,1.1450
2.6696,1.1399
2.6701,1.1399
2.6707,1.1399
2.6712,1.1450
2.6718,1.1399
2.6723,1.1399
2.6729,1.1399
2.6734,1.1399
2.6739,1.1399
2.6745,1.1450
2.6750,1.1399
2.6756,1.1349
2.6761,1.1349
2.6766,1.1450
2.6772,1.1399
2.6777,1.1399
2.6782,1.1450
2.6788,1.1450
2.6793,1.1399
2.6799,1.1399
2.6804,1.1399
2.6809,1.1450
2.6815,1.1399
2.6820,1.1399
2.6825,1.1399
2.6831,1.1399
2.6836,1.1399
2.6841,1.1399
2.6847,1.1349
2.6853,1.1450
2.6859,1.1399
2.6864,1.1450
2.6870,1.1399
2.6876,1.1349
2.6882,1.1349
2.6888,1.1399
2.6893,1.1450
2.6899,1.1349
2.6904,1.1399
2.6909,1.1399
2.6915,1.1450
2.6920,1.1399
2.6925,1.1450
2.6931,1.1399
2.6936,1.1399
2.6941,1.1399
2.6947,1.1450
2.6952,1.1399
2.6958,1.1450
2.6963,1.1450
2.6968,1.1399
2.6974,1.1399
2.6979,1.1399
2.6984,1.1399
2.6990,1.1399
2.6995,1.1450
2.7000,1.1349
2.7006,1.1399
2.7011,1.1349
2.7016,1.1399
2.7022,1.1450
2.7027,1.1399
2.7032,1.1399
2.7038,1.1399
2.7043,1.1450
2.7049,1.1450
2.7054,1.1399
2.7059,1.1399
2.7065,1.1399
2.7070,1.1349
2.7075,1.1349
2.7081,1.1450
2.7086,1.1399
2.7091,1.1399
2.7097,1.1399
2.7102,1.1450
2.7107,1.1450
2.7113,1.1399
2.7118,1.1450
2.7123,1.1399
2.7129,1.1450
2.7134,1.1450
2.7140,1.1399
2.7145,1.1399
2.7150,1.1450
2.7156,1.1450
2.7161,1.1399
2.7166,1.1399
2.7172,1.1399
2.7177,1.1399
2.7182,1.1399
2.7188,1.1399
2.7193,1.1450
2.7199,1.1399
2.7204,1.1450
2.7209,1.1399
2.7215,1.1399
2.7220,1.1399
2.7225,1.1399
2.7231,1.1399
2.7236,1.1399
2.7241,1.1450
2.7247,1.1450
2.7252,1.1399
2.7257,1.1399
2.7263,1.1399
2.7268,1.1399
2.7273,1.1450
2.7279,1.1450
2.7284,1.1399
2.7289,1.1399
2.7295,1.1399
2.7300,1.1399
2.7306,1.1450
2.7311,1.1399
2.7316,1.1450
2.7322,1.1450
2.7327,1.1399
2.7332,1.1450
2.7338,1.1399
2.7343,1.1399
2.7348,1.1450
2.7354,1.1450
2.7359,1.1399
2.7364,1.1399
2.7370,1.1450
2.7375,1.1399
2.7380,1.1399
2.7386,1.1450
2.7391,1.1399
2.7396,1.1399
2.7402,1.1450
2.7407,1.1399
2.7413,1.1399
2.7418,1.1399
2.7423,1.1349
2.7429,1.1399
2.7434,1.1450
2.7439,1.1450
2.7445,1.1399
2.7450,1.1450
2.7456,1.1349
2.7461,1.1450
2.7466,1.1399
2.7472,1.1399
2.7477,1.1399
2.7482,1.1399
2.7488,1.1399
2.7493,1.1450
2.7499,1.1450
2.7504,1.1399
2.7509,1.1399
2.7515,1.1450
2.7520,1.1450
2.7525,1.1399
2.7531,1.1399
2.7536,1.1349
2.7541,1.1399
2.7547,1.1450
2.7552,1.1450
2.7557,1.1450
2.7563,1.1399
2.7568,1.1450
2.7573,1.1399
2.7579,1.1399
2.7584,1.1399
2.7589,1.1399
2.7595,1.1399
2.7600,1.1450
2.7606,1.1399
2.7611,1.1399
2.7616,1.1450
2.7622,1.1450
2.7627,1.1399
2.7632,1.1399
2.7638,1.1399
2.7643,1.1450
2.7648,1.1399
2.7654,1.1399
2.7659,1.1399
2.7664,1.1399
2.7670,1.1399
2.7676,1.1349
2.7682,1.1450
2.7687,1.1399
2.7692,1.1399
2.7698,1.1450
2.7703,1.1399
2.7709,1.1450
2.7714,1.1399
2.7720,1.1399
2.7725,1.1399
2.7730,1.1450
2.7736,1.1399
2.7741,1.1399
2.7747,1.1450
2.7752,1.1450
2.7758,1.1399
2.7763,1.1399
2.7768,1.1399
2.7774,1.1399
2.7779,1.1399
2.7785,1.1399
2.7790,1.1399
2.7796,1.1399
2.7801,1.1399
2.7807,1.1399
2.7812,1.1399
2.7817,1.1399
2.7823,1.1450
2.7828,1.1399
2.7834,1.1399
2.7839,1.1399
2.7845,1.1450
2.7850,1.1399
2.7855,1.1450
2.7861,1.1399
2.7866,1.1399
2.7872,1.1450
2.7877,1.1450
2.7883,1.1399
2.7888,1.1450
2.7894,1.1399
2.7899,1.1399
2.7904,1.1399
2.7910,1.1450
2.7915,1.1399
2.7921,1.1399
2.7926,1.1399
2.7932,1.1450
2.7937,1.1399
2.7942,1.1399
2.7948,1.1349
2.7953,1.1399
2.7959,1.1399
2.7964,1.1399
2.7970,1.1450
2.7975,1.1399
2.7981,1.1450
2.7986,1.1399
2.7991,1.1399
2.7997,1.1450
2.8002,1.1399
2.8008,1.1450
2.8013,1.1399
2.8019,1.1399
2.8024,1.1399
2.8029,1.1450
2.8035,1.1399
2.8040,1.1399
2.8046,1.1450
2.8051,1.1399
2.8057,1.1399
2.8062,1.1399
2.8068,1.1399
2.8073,1.1399
2.8078,1.1399
2.8084,1.1399
2.8089,1.1399
2.8095,1.1450
2.8100,1.1399
2.8106,1.1450
2.8111,1.1399
2.8117,1.1399
2.8122,1.1450
2.8128,1.1399
2.8133,1.1399
2.8139,1.1399
2.8144,1.1399
2.8149,1.1399
2.8155,1.1399
2.8160,1.1399
2.8166,1.1399
2.8171,1.1450
2.8177,1.1399
2.8182,1.1399
2.8187,1.1349
2.8193,1.1399
2.8199,1.1399
2.8204,1.1399
2.8210,1.1450
2.8215,1.1399
2.8220,1.1349
2.8226,1.1399
2.8231,1.1450
2.8237,1.1399
2.8242,1.1399
2.8248,1.1399
2.8253,1.1399
2.8259,1.1399
2.8264,1.1399
2.8269,1.1399
2.8275,1.1450
2.8280,1.1399
2.8286,1.1399
2.8291,1.1450
2.8297,1.1450
2.8302,1.1450
2.8307,1.1450
2.8313,1.1399
2.8318,1.1450
2.8324,1.1399
2.8329,1.1399
2.8335,1.1399
2.8340,1.1399
2.8346,1.1399
2.8351,1.1450
2.8356,1.1450
2.8362,1.1450
2.8367,1.1399
2.8373,1.1399
2.8378,1.1349
2.8384,1.1399
2.8389,1.1399
2.8394,1.1399
2.8400,1.1399
2.8405,1.1399
2.8411,1.1399
2.8416,1.1450
2.8422,1.1399
2.8427,1.1399
2.8432,1.1399
2.8438,1.1399
2.8443,1.1399
2.8449,1.1450
2.8454,1.1450
2.8460,1.1450
2.8465,1.1450
2.8471,1.1399
2.8476,1.1450
2.8481,1.1399
2.8487,1.1399
2.8492,1.1399
2.8498,1.1399
2.8503,1.1450
2.8509,1.1399
2.8514,1.1399
2.8519,1.1399
2.8525,1.1399
2.8530,1.1349
2.8536,1.1399
2.8541,1.1399
2.8547,1.1399
2.8552,1.1399
2.8558,1.1399
2.8563,1.1399
2.8568,1.1349
2.8574,1.1450
2.8579,1.1450
2.8585,1.1450
2.8590,1.1399
2.8596,1.1399
2.8601,1.1399
2.8607,1.1399
2.8612,1.1399
2.8617,1.1450
2.8623,1.1399
2.8628,1.1450
2.8634,1.1399
2.8639,1.1349
2.8645,1.1399
2.8650,1.1399
2.8655,1.1450
2.8661,1.1450
2.8666,1.1399
2.8672,1.1399
2.8677,1.1399
2.8684,1.1450
2.8690,1.1399
2.8695,1.1399
2.8701,1.1399
2.8706,1.1399
2.8712,1.1349
2.8717,1.1450
2.8723,1.1399
2.8728,1.1399
2.8734,1.1399
2.8739,1.1450
2.8745,1.1399
2.8750,1.1450
2.8756,1.1450
2.8761,1.1399
2.8767,1.1399
2.8772,1.1399
2.8778,1.1450
2.8783,1.1399
2.8789,1.1349
2.8794,1.1349
2.8800,1.1450
2.8806,1.1450
2.8811,1.1399
2.8816,1.1399
2.8822,1.1450
2.8827,1.1399
2.8833,1.1450
2.8838,1.1399
2.8844,1.1399
2.8849,1.1450
2.8855,1.1399
2.8860,1.1450
2.8866,1.1450
2.8871,1.1399
2.8877,1.1450
2.8882,1.1450
2.8888,1.1399
2.8893,1.1399
2.8899,1.1450
2.8904,1.1450
2.8910,1.1399
2.8915,1.1399
2.8921,1.1399
2.8926,1.1399
2.8932,1.1399
2.8937,1.1399
2.8943,1.1399
2.8948,1.1399
2.8954,1.1399
2.8959,1.1450
2.8965,1.1399
2.8970,1.1399
2.8976,1.1450
2.8981,1.1399
2.8987,1.1450
2.8992,1.1399
2.8998,1.1399
2.9003,1.1450
2.9009,1.1399
2.9014,1.1399
2.9020,1.1399
2.9025,1.1399
2.9031,1.1450
2.9036,1.1450
2.9042,1.1450
2.9047,1.1450
2.9053,1.1450
2.9058,1.1399
2.9064,1.1399
2.9069,1.1399
2.9075,1.1399
2.9080,1.1399
2.9086,1.1399
2.9091,1.1450
2.9097,1.1399
2.9102,1.1399
2.9108,1.1450
2.9113,1.1399
2.9119,1.1450
2.9124,1.1450
2.9130,1.1399
2.9135,1.1399
2.9141,1.1399
2.9146,1.1399
2.9152,1.1399
2.9157,1.1399
2.9163,1.1399
2.9168,1.1399
2.9174,1.1399
2.9179,1.1450
2.9185,1.1399
2.9190,1.1399
2.9196,1.1399
2.9201,1.1399
2.9207,1.1399
2.9212,1.1399
2.9218,1.1399
2.9223,1.1349
2.9229,1.1399
2.9234,1.1399
2.9240,1.1399
2.9285,1.1399
2.9291,1.1450
2.9296,1.1450
2.9302,1.1399
2.9307,1.1399
2.9313,1.1399
2.9319,1.1450
2.9324,1.1399
2.9330,1.1399
2.9335,1.1399
2.9341,1.1450
2.9346,1.1399
2.9352,1.1450
2.9357,1.1399
2.9363,1.1399
2.9368,1.1399
2.9374,1.1399
2.9379,1.1450
2.9385,1.1399
2.9390,1.1450
2.9396,1.1349
2.9401,1.1399
2.9407,1.1450
2.9412,1.1399
2.9418,1.1399
2.9423,1.1450
2.9429,1.1399
2.9434,1.1399
2.9440,1.1399
2.9445,1.1349
2.9451,1.1450
2.9456,1.1399
2.9462,1.1450
2.9467,1.1399
2.9473,1.1399
2.9478,1.1349
2.9484,1.1399
2.9489,1.1399
2.9495,1.1399
2.9500,1.1399
2.9506,1.1450
2.9511,1.1399
2.9517,1.1450
2.9522,1.1399
2.9528,1.1399
2.9534,1.1450
2.9539,1.1399
2.9545,1.1399
2.9550,1.1399
2.9556,1.1450
2.9561,1.1399
2.9567,1.1450
2.9572,1.1450
2.9578,1.1450
2.9583,1.1399
2.9589,1.1399
2.9594,1.1349
2.9600,1.1450
2.9605,1.1399
2.9611,1.1399
2.9616,1.1399
2.9622,1.1349
2.9627,1.1399
2.9633,1.1450
2.9638,1.1399
2.9644,1.1450
2.9649,1.1399
2.9655,1.1399
2.9660,1.1399
2.9666,1.1399
2.9671,1.1450
2.9677,1.1349
2.9682,1.1399
2.9688,1.1450
2.9694,1.1399
2.9699,1.1450
2.9705,1.1399
2.9710,1.1399
2.9716,1.1399
2.9721,1.1399
2.9727,1.1450
2.9732,1.1399
2.9738,1.1399
2.9743,1.1399
2.9749,1.1349
2.9754,1.1399
2.9760,1.1399
2.9765,1.1399
2.9771,1.1399
2.9776,1.1399
2.9782,1.1450
2.9787,1.1399
2.9793,1.1399
2.9798,1.1399
2.9804,1.1450
2.9809,1.1349
2.9815,1.1450
2.9820,1.1399
2.9826,1.1399
2.9831,1.1450
2.9837,1.1450
2.9842,1.1399
2.9848,1.1399
2.9853,1.1450
2.9859,1.1450
2.9864,1.1399
2.9870,1.1399
2.9875,1.1450
2.9881,1.1450
2.9886,1.1450
2.9892,1.1399
2.9897,1.1450
2.9903,1.1399
2.9908,1.1399
2.9914,1.1399
2.9919,1.1450
2.9925,1.1399
2.9930,1.1450
2.9936,1.1399
2.9941,1.1399
2.9947,1.1399
2.9952,1.1399
2.9958,1.1399
2.9963,1.1399
2.9969,1.1399
2.9974,1.1399
2.9980,1.1399
2.9985,1.1399
2.9991,1.1399
2.9996,1.1399
3.0002,1.1450
3.0007,1.1399
3.0013,1.1399
3.0018,1.1399
3.0024,1.1399
3.0029,1.1399
3.0035,1.1399
3.0040,1.1399
3.0046,1.1399
3.0051,1.1450
3.0057,1.1399
3.0062,1.1450
3.0068,1.1349
3.0073,1.1399
3.0079,1.1399
3.0084,1.1450
3.0090,1.1349
3.0095,1.1399
3.0101,1.1450
3.0106,1.1349
3.0112,1.1399
3.0117,1.1399
3.0123,1.1399
3.0128,1.1450
3.0134,1.1399
3.0139,1.1399
3.0145,1.1399
3.0150,1.1399
3.0156,1.1399
3.0161,1.1399
3.0167,1.1450
3.0172,1.1399
3.0178,1.1450
3.0183,1.1399
3.0189,1.1450
3.0194,1.1399
3.0200,1.1399
3.0205,1.1399
3.0211,1.1399
3.0216,1.1450
3.0222,1.1399
3.0227,1.1450
3.0233,1.1399
3.0239,1.1399
3.0244,1.1399
3.0250,1.1450
3.0255,1.1399
3.0261,1.1399
3.0266,1.1349
3.0272,1.1399
3.0277,1.1399
3.0283,1.1349
3.0288,1.1450
3.0294,1.1450
3.0299,1.1399
3.0305,1.1450
3.0310,1.1399
3.0316,1.1349
3.0321,1.1399
3.0327,1.1450
3.0332,1.1399
3.0338,1.1399
3.0343,1.1399
3.0349,1.1399
3.0354,1.1399
3.0360,1.1399
3.0371,1.1399
3.0376,1.1450
3.0382,1.1399
3.0387,1.1399
3.0393,1.1349
3.0399,1.1399
3.0404,1.1399
3.0410,1.1399
3.0415,1.1399
3.0421,1.1450
3.0426,1.1450
3.0432,1.1399
3.0437,1.1399
3.0443,1.1399
3.0448,1.1399
3.0453,1.1450
3.0459,1.1399
3.0464,1.1450
3.0470,1.1450
3.0475,1.1349
3.0481,1.1450
3.0486,1.1399
3.0492,1.1399
3.0497,1.1399
3.0503,1.1399
3.0508,1.1450
3.0514,1.1399
3.0519,1.1450
3.0524,1.1399
3.0530,1.1399
3.0535,1.1399
3.0541,1.1399
3.0546,1.1450
3.0552,1.1399
3.0557,1.1450
3.0563,1.1349
3.0568,1.1399
3.0574,1.1399
3.0579,1.1399
3.0584,1.1399
3.0590,1.1399
3.0595,1.1450
3.0601,1.1399
3.0606,1.1399
3.0612,1.1450
3.0617,1.1349
3.0623,1.1450
3.0628,1.1450
3.0634,1.1399
3.0639,1.1399
3.0645,1.1399
3.0650,1.1399
3.0655,1.1399
3.0661,1.1399
3.0666,1.1399
3.0672,1.1399
3.0677,1.1399
3.0683,1.1450
3.0689,1.1399
3.0694,1.1399
3.0700,1.1399
3.0705,1.1399
3.0711,1.1399
3.0716,1.1450
3.0722,1.1399
3.0727,1.1450
3.0733,1.1450
3.0738,1.1399
3.0744,1.1450
3.0749,1.1399
3.0755,1.1450
3.0760,1.1399
3.0766,1.1399
3.0771,1.1399
3.0777,1.1450
3.0782,1.1399
3.0788,1.1399
3.0793,1.1349
3.0799,1.1349
3.0804,1.1399
3.0810,1.1450
3.0815,1.1450
3.0821,1.1450
3.0826,1.1450
3.0832,1.1399
3.0837,1.1450
3.0843,1.1399
3.0848,1.1399
3.0854,1.1399
3.0859,1.1399
3.0865,1.1450
3.0870,1.1399
3.0876,1.1450
3.0881,1.1450
3.0887,1.1399
3.0892,1.1450
3.0898,1.1399
3.0903,1.1399
3.0909,1.1349
3.0914,1.1399
3.0920,1.1399
3.0925,1.1450
3.0931,1.1450
3.0938,1.1399
3.0943,1.1399
3.0949,1.1450
3.0954,1.1399
3.0960,1.1399
3.0965,1.1450
3.0971,1.1399
3.0976,1.1399
3.0982,1.1399
3.0987,1.1399
3.0993,1.1349
3.0998,1.1399
3.1004,1.1399
3.1009,1.1450
3.1015,1.1399
3.1020,1.1399
3.1026,1.1399
3.1031,1.1450
3.1037,1.1450
3.1042,1.1399
3.1048,1.1399
3.1053,1.1450
3.1059,1.1399
3.1064,1.1450
3.1070,1.1399
3.1075,1.1399
3.1081,1.1349
3.1086,1.1450
3.1092,1.1399
3.1097,1.1399
3.1103,1.1399
3.1108,1.1399
3.1114,1.1399
3.1119,1.1450
3.1125,1.1399
3.1130,1.1399
3.1136,1.1399
3.1141,1.1450
3.1147,1.1399
3.1152,1.1399
3.1158,1.1399
3.1163,1.1399
3.1169,1.1399
3.1174,1.1450
3.1180,1.1399
3.1185,1.1399
3.1191,1.1399
3.1196,1.1399
3.1202,1.1399
3.1207,1.1399
3.1213,1.1399
3.1218,1.1399
3.1224,1.1399
3.1229,1.1399
3.1235,1.1450
3.1240,1.1399
3.1246,1.1450
3.1251,1.1450
3.1257,1.1450
3.1262,1.1450
3.1268,1.1399
3.1275,1.1399
3.1281,1.1450
3.1287,1.1450
3.1293,1.1399
3.1299,1.1399
3.1305,1.1450
3.1311,1.1450
3.1317,1.1450
3.1323,1.1399
3.1329,1.1399
3.1334,1.1399
3.1340,1.1399
3.1345,1.1399
3.1351,1.1450
3.1357,1.1399
3.1363,1.1450
3.1368,1.1399
3.1374,1.1450
3.1379,1.1399
3.1385,1.1399
3.1390,1.1399
3.1396,1.1399
3.1402,1.1399
3.1407,1.1399
3.1413,1.1450
3.1418,1.1399
3.1424,1.1399
3.1429,1.1450
3.1435,1.1399
3.1440,1.1399
3.1446,1.1349
3.1452,1.1399
3.1458,1.1450
3.1463,1.1399
3.1469,1.1399
3.1475,1.1399
3.1480,1.1399
3.1486,1.1399
3.1492,1.1399
3.1497,1.1450
3.1505,1.1399
3.1511,1.1399
3.1516,1.1349
3.1522,1.1399
3.1528,1.1399
3.1534,1.1450
3.1539,1.1399
3.1545,1.1399
3.1551,1.1399
3.1557,1.1450
3.1563,1.1399
3.1568,1.1450
3.1573,1.1399
3.1579,1.1349
3.1584,1.1399
3.1590,1.1399
3.1595,1.1399
3.1601,1.1349
3.1606,1.1450
3.1612,1.1399
3.1617,1.1399
3.1622,1.1450
3.1628,1.1399
3.1633,1.1399
3.1639,1.1399
3.1644,1.1399
3.1650,1.1450
3.1655,1.1399
3.1661,1.1399
3.1666,1.1399
3.1672,1.1399
3.1677,1.1450
3.1683,1.1399
3.1688,1.1349
3.1693,1.1399
3.1699,1.1399
3.1705,1.1450
3.1710,1.1399
3.1716,1.1399
3.1721,1.1399
3.1726,1.1399
3.1732,1.1399
3.1737,1.1399
3.1743,1.1450
3.1748,1.1450
3.1753,1.1399
3.1759,1.1399
3.1764,1.1450
3.1769,1.1399
3.1775,1.1450
3.1780,1.1450
3.1786,1.1349
3.1791,1.1349
3.1796,1.1450
3.1802,1.1450
3.1807,1.1399
3.1813,1.1399
3.1818,1.1399
3.1823,1.1399
3.1829,1.1450
3.1834,1.1399
3.1839,1.1399
3.1845,1.1399
3.1850,1.1349
3.1856,1.1399
3.1861,1.1399
3.1866,1.1399
3.1872,1.1450
3.1877,1.1399
3.1883,1.1450
3.1888,1.1399
3.1893,1.1450
3.1899,1.1450
3.1904,1.1399
3.1910,1.1399
3.1915,1.1450
3.1920,1.1399
3.1926,1.1399
3.1931,1.1399
3.1937,1.1450
3.1942,1.1399
3.1947,1.1399
3.1953,1.1399
3.1958,1.1399
3.1964,1.1450
3.1969,1.1399
3.1974,1.1399
3.1980,1.1450
3.1985,1.1399
3.1990,1.1450
3.1996,1.1399
3.2001,1.1399
3.2007,1.1349
3.2012,1.1399
3.2017,1.1399
3.2023,1.1450
3.2028,1.1399
3.2033,1.1399
3.2039,1.1399
3.2044,1.1399
3.2050,1.1399
3.2055,1.1399
3.2060,1.1399
3.2066,1.1399
3.2071,1.1399
3.2076,1.1399
3.2082,1.1399
3.2087,1.1399
3.2093,1.1399
3.2098,1.1399
3.2103,1.1399
3.2109,1.1399
3.2114,1.1399
3.2119,1.1450
3.2125,1.1450
3.2130,1.1399
3.2136,1.1450
3.2141,1.1399
3.2146,1.1450
3.2152,1.1349
3.2157,1.1450
3.2163,1.1450
3.2168,1.1399
3.2173,1.1399
3.2179,1.1399
3.2184,1.1450
3.2189,1.1399
3.2195,1.1450
3.2200,1.1450
3.2206,1.1349
3.2211,1.1399
3.2216,1.1399
3.2222,1.1349
3.2227,1.1399
3.2233,1.1399
3.2238,1.1399
3.2243,1.1399
3.2249,1.1399
3.2254,1.1399
3.2260,1.1450
3.2265,1.1349
3.2270,1.1399
3.2276,1.1450
3.2281,1.1399
3.2287,1.1399
3.2292,1.1450
3.2298,1.1450
3.2303,1.1399
3.2308,1.1399
3.2314,1.1399
3.2319,1.1450
3.2325,1.1399
3.2330,1.1399
3.2336,1.1399
3.2341,1.1399
3.2346,1.1450
3.2352,1.1399
3.2357,1.1399
3.2363,1.1399
3.2368,1.1399
3.2373,1.1399
3.2379,1.1399
3.2384,1.1399
3.2390,1.1399
3.2395,1.1399
3.2401,1.1399
3.2406,1.1399
3.2411,1.1450
3.2417,1.1399
3.2422,1.1399
3.2428,1.1399
3.2433,1.1399
3.2438,1.1450
3.2444,1.1399
3.2449,1.1399
3.2455,1.1450
3.2460,1.1399
3.2465,1.1399
3.2471,1.1399
3.2476,1.1399
3.2482,1.1399
3.2487,1.1399
3.2493,1.1450
3.2498,1.1450
3.2503,1.1399
3.2509,1.1450
3.2514,1.1450
3.2520,1.1399
3.2525,1.1399
3.2530,1.1450
3.2536,1.1450
3.2541,1.1399
3.2547,1.1399
3.2553,1.1450
3.2559,1.1399
3.2565,1.1399
3.2571,1.1399
3.2576,1.1450
3.2589,1.1450
3.2595,1.1399
3.2600,1.1450
3.2606,1.1399
3.2612,1.1399
3.2617,1.1399
3.2623,1.1399
3.2629,1.1399
3.2635,1.1399
3.2640,1.1399
3.2646,1.1450
3.2652,1.1399
3.2657,1.1399
3.2663,1.1450
3.2668,1.1450
3.2673,1.1399
3.2679,1.1399
3.2684,1.1399
3.2690,1.1399
3.2695,1.1399
3.2701,1.1450
3.2706,1.1399
3.2712,1.1349
3.2717,1.1399
3.2723,1.1399
3.2728,1.1349
3.2734,1.1450
3.2739,1.1399
3.2745,1.1399
3.2750,1.1399
3.2756,1.1399
3.2761,1.1399
3.2767,1.1399
3.2772,1.1399
3.2778,1.1399
3.2783,1.1399
3.2788,1.1399
3.2794,1.1349
3.2799,1.1399
3.2805,1.1399
3.2810,1.1450
3.2816,1.1399
3.2821,1.1399
3.2827,1.1399
3.2832,1.1399
3.2838,1.1349
3.2843,1.1450
3.2849,1.1399
3.2854,1.1450
3.2859,1.1399
3.2865,1.1450
3.2870,1.1349
3.2876,1.1450
3.2881,1.1349
3.2887,1.1399
3.2892,1.1399
3.2898,1.1399
3.2903,1.1399
3.2909,1.1399
3.2914,1.1450
3.2920,1.1399
3.2925,1.1399
3.2931,1.1450
3.2936,1.1399
3.2942,1.1450
3.2947,1.1399
3.2952,1.1399
3.2958,1.1399
3.2963,1.1399
3.2969,1.1450
3.2974,1.1450
3.2980,1.1399
3.2985,1.1399
3.2991,1.1399
3.2996,1.1450
3.3002,1.1349
3.3007,1.1399
3.3013,1.1399
3.3018,1.1450
3.3024,1.1399
3.3029,1.1399
3.3035,1.1450
3.3041,1.1450
3.3046,1.1399
3.3052,1.1399
3.3057,1.1399
3.3063,1.1399
3.3068,1.1399
3.3074,1.1399
3.3079,1.1399
3.3085,1.1399
3.3090,1.1450
3.3096,1.1399
3.3101,1.1399
3.3107,1.1450
3.3112,1.1399
3.3118,1.1399
3.3123,1.1450
3.3129,1.1450
3.3134,1.1450
3.3140,1.1399
3.3145,1.1399
3.3151,1.1450
3.3156,1.1399
3.3162,1.1399
3.3167,1.1500
3.3173,1.1399
3.3178,1.1399
3.3184,1.1399
3.3189,1.1399
3.3195,1.1399
3.3200,1.1399
3.3206,1.1450
3.3211,1.1349
3.3217,1.1450
3.3222,1.1450
3.3228,1.1399
3.3233,1.1399
3.3239,1.1450
3.3244,1.1399
3.3250,1.1399
3.3255,1.1399
3.3261,1.1450
3.3266,1.1399
3.3272,1.1450
3.3277,1.1349
3.3283,1.1399
3.3288,1.1399
3.3294,1.1450
3.3299,1.1399
3.3305,1.1399
3.3310,1.1450
3.3316,1.1450
3.3321,1.1399
3.3327,1.1399
3.3332,1.1399
3.3338,1.1399
3.3343,1.1399
3.3349,1.1399
3.3354,1.1399
3.3360,1.1399
3.3365,1.1399
3.3371,1.1450
3.3376,1.1349
3.3382,1.1399
3.3387,1.1450
3.3393,1.1399
3.3399,1.1399
3.3404,1.1399
3.3410,1.1399
3.3415,1.1450
3.3421,1.1450
3.3426,1.1399
3.3432,1.1399
3.3437,1.1399
3.3443,1.1450
3.3448,1.1450
3.3454,1.1450
3.3459,1.1399
3.3465,1.1399
3.3470,1.1450
3.3476,1.1399
3.3481,1.1399
3.3487,1.1399
3.3492,1.1399
3.3498,1.1399
3.3503,1.1450
3.3509,1.1399
3.3514,1.1450
3.3520,1.1349
3.3525,1.1399
3.3531,1.1399
3.3536,1.1450
3.3542,1.1349
3.3547,1.1399
3.3553,1.1399
3.3558,1.1450
3.3564,1.1399
3.3569,1.1450
3.3575,1.1399
3.3580,1.1450
3.3586,1.1399
3.3591,1.1399
3.3597,1.1399
3.3602,1.1349
3.3608,1.1399
3.3613,1.1399
3.3619,1.1450
3.3624,1.1450
3.3630,1.1399
3.3635,1.1399
3.3641,1.1399
3.3646,1.1399
3.3651,1.1399
3.3657,1.1399
3.3662,1.1399
3.3668,1.1399
3.3673,1.1399
3.3679,1.1399
3.3684,1.1450
3.3690,1.1399
3.3695,1.1399
3.3701,1.1399
3.3706,1.1399
3.3712,1.1450
3.3717,1.1349
3.3723,1.1450
3.3728,1.1399
3.3734,1.1399
3.3739,1.1450
3.3745,1.1399
3.3751,1.1450
3.3756,1.1399
3.3762,1.1399
3.3767,1.1349
3.3773,1.1399
3.3778,1.1349
3.3784,1.1450
3.3790,1.1399
3.3796,1.1399
3.3801,1.1399
3.3807,1.1399
3.3812,1.1399
3.3818,1.1399
3.3823,1.1450
3.3829,1.1399
3.3834,1.1399
3.3840,1.1399
3.3845,1.1450
3.3851,1.1399
3.3856,1.1399
3.3861,1.1399
3.3867,1.1399
3.3872,1.1349
3.3878,1.1399
3.3883,1.1349
3.3889,1.1450
3.3894,1.1399
3.3900,1.1399
3.3905,1.1399
3.3911,1.1450
3.3916,1.1399
3.3922,1.1349
3.3927,1.1399
3.3933,1.1399
3.3938,1.1399
3.3944,1.1399
3.3949,1.1399
3.3955,1.1399
3.3960,1.1399
3.3966,1.1399
3.3971,1.1399
3.3977,1.1349
3.3982,1.1399
3.3988,1.1399
3.3993,1.1399
3.3999,1.1450
3.4004,1.1399
3.4010,1.1450
3.4015,1.1399
3.4021,1.1349
3.4026,1.1399
3.4032,1.1399
3.4037,1.1450
3.4043,1.1399
3.4048,1.1399
3.4054,1.1399
3.4059,1.1399
3.4064,1.1399
3.4070,1.1399
3.4075,1.1399
3.4081,1.1399
3.4086,1.1450
3.4092,1.1399
3.4097,1.1399
3.4103,1.1450
3.4108,1.1399
3.4114,1.1399
3.4119,1.1399
3.4125,1.1450
3.4130,1.1450
3.4136,1.1399
3.4141,1.1349
3.4147,1.1399
3.4152,1.1399
3.4158,1.1399
3.4163,1.1450
3.4169,1.1450
3.4174,1.1399
3.4180,1.1450
3.4185,1.1399
3.4191,1.1399
3.4196,1.1450
3.4202,1.1399
3.4207,1.1399
3.4213,1.1450
3.4218,1.1399
3.4224,1.1450
3.4229,1.1399
3.4235,1.1450
3.4240,1.1399
3.4246,1.1399
3.4251,1.1399
3.4257,1.1450
3.4262,1.1399
3.4268,1.1399
3.4273,1.1399
3.4279,1.1399
3.4284,1.1399
3.4290,1.1399
3.4295,1.1399
3.4301,1.1399
3.4306,1.1399
3.4312,1.1399
3.4317,1.1349
3.4323,1.1399
3.4328,1.1399
3.4334,1.1399
3.4339,1.1399
3.4345,1.1450
3.4350,1.1450
3.4356,1.1399
3.4361,1.1399
3.4367,1.1450
3.4372,1.1399
3.4378,1.1450
3.4383,1.1450
3.4389,1.1450
3.4394,1.1450
3.4400,1.1399
3.4405,1.1399
3.4411,1.1349
3.4416,1.1399
3.4422,1.1399
3.4427,1.1399
3.4433,1.1450
3.4438,1.1399
3.4444,1.1349
3.4449,1.1450
3.4455,1.1399
3.4460,1.1399
3.4466,1.1450
3.4471,1.1399
3.4477,1.1399
3.4482,1.1399
3.4488,1.1399
3.4493,1.1399
3.4499,1.1399
3.4504,1.1399
3.4510,1.1349
3.4515,1.1349
3.4521,1.1399
3.4526,1.1399
3.4532,1.1399
3.4537,1.1349
3.4543,1.1450
3.4548,1.1399
3.4554,1.1399
3.4559,1.1399
3.4565,1.1399
3.4570,1.1399
3.4576,1.1399
3.4581,1.1399
3.4587,1.1399
3.4592,1.1399
3.4598,1.1399
3.4603,1.1399
3.4609,1.1399
3.4614,1.1399
3.4620,1.1349
3.4625,1.1399
3.4631,1.1399
3.4636,1.1399
3.4642,1.1399
3.4647,1.1399
3.4653,1.1399
3.4658,1.1399
3.4664,1.1399
3.4669,1.1349
3.4675,1.1399
3.4680,1.1399
3.4686,1.1399
3.4691,1.1349
3.4697,1.1349
3.4702,1.1399
3.4708,1.1399
3.4713,1.1349
3.4719,1.1450
3.4724,1.1399
3.4730,1.1450
3.4735,1.1399
3.4741,1.1450
3.4746,1.1399
3.4752,1.1399
3.4757,1.1349
3.4763,1.1450
3.4768,1.1399
3.4774,1.1399
3.4779,1.1399
3.4785,1.1450
3.4790,1.1450
3.4796,1.1399
3.4801,1.1399
3.4807,1.1450
3.4812,1.1399
3.4818,1.1450
3.4823,1.1399
3.4829,1.1399
3.4834,1.1399
3.4840,1.1450
3.4845,1.1399
3.4851,1.1399
3.4856,1.1399
3.4862,1.1399
3.4867,1.1399
3.4873,1.1399
3.4878,1.1399
3.4884,1.1399
3.4889,1.1399
3.4895,1.1399
3.4900,1.1399
3.4916,1.1399
3.4922,1.1399
3.4928,1.1450
3.4933,1.1399
3.4939,1.1450
3.4944,1.1349
3.4950,1.1450
3.4955,1.1450
3.4960,1.1349
3.4966,1.1399
3.4971,1.1349
3.4977,1.1399
3.4982,1.1399
3.4988,1.1450
3.4993,1.1399
3.4999,1.1399
3.5005,1.1450
3.5010,1.1399
3.5015,1.1399
3.5021,1.1399
3.5026,1.1349
3.5032,1.1450
3.5037,1.1399
3.5043,1.1450
3.5048,1.1399
3.5054,1.1349
3.5059,1.1450
3.5065,1.1450
3.5070,1.1399
3.5076,1.1399
3.5081,1.1450
3.5086,1.1450
3.5092,1.1450
3.5097,1.1399
3.5103,1.1399
3.5108,1.1399
3.5114,1.1399
3.5119,1.1399
3.5125,1.1450
3.5130,1.1399
3.5136,1.1399
3.5141,1.1399
3.5147,1.1450
3.5152,1.1399
3.5158,1.1399
3.5163,1.1450
3.5169,1.1399
3.5174,1.1399
3.5180,1.1450
3.5185,1.1399
3.5190,1.1450
3.5196,1.1399
3.5201,1.1399
3.5207,1.1399
3.5212,1.1349
3.5218,1.1450
3.5223,1.1399
3.5229,1.1399
3.5234,1.1450
3.5240,1.1349
3.5245,1.1399
3.5251,1.1399
3.5256,1.1399
3.5262,1.1399
3.5267,1.1399
3.5273,1.1450
3.5278,1.1399
3.5283,1.1399
3.5289,1.1399
3.5294,1.1450
3.5300,1.1399
3.5306,1.1450
3.5311,1.1450
3.5317,1.1399
3.5322,1.1450
3.5328,1.1399
3.5333,1.1399
3.5339,1.1399
3.5344,1.1399
3.5350,1.1399
3.5355,1.1399
3.5361,1.1399
3.5366,1.1450
3.5372,1.1399
3.5377,1.1399
3.5383,1.1450
3.5388,1.1349
3.5394,1.1399
3.5399,1.1399
3.5405,1.1349
3.5410,1.1399
3.5416,1.1450
3.5421,1.1399
3.5427,1.1450
3.5432,1.1450
3.5438,1.1399
3.5443,1.1349
3.5449,1.1399
3.5454,1.1399
3.5460,1.1399
3.5465,1.1399
3.5471,1.1399
3.5476,1.1399
3.5482,1.1399
3.5487,1.1450
3.5493,1.1399
3.5498,1.1399
3.5504,1.1399
3.5510,1.1399
3.5515,1.1450
3.5521,1.1399
3.5526,1.1399
3.5532,1.1399
3.5537,1.1450
3.5543,1.1399
3.5548,1.1399
3.5554,1.1399
3.5559,1.1450
3.5565,1.1399
3.5570,1.1399
3.5576,1.1399
3.5581,1.1399
3.5587,1.1450
3.5592,1.1399
3.5598,1.1399
3.5603,1.1399
3.5609,1.1349
3.5614,1.1399
3.5620,1.1349
3.5625,1.1399
3.5631,1.1349
3.5636,1.1399
3.5642,1.1399
3.5647,1.1399
3.5653,1.1399
3.5658,1.1399
3.5664,1.1399
3.5669,1.1399
3.5675,1.1399
3.5680,1.1399
3.5686,1.1399
3.5691,1.1399
3.5697,1.1450
3.5703,1.1399
3.5708,1.1450
3.5714,1.1349
3.5719,1.1399
3.5725,1.1450
3.5730,1.1399
3.5736,1.1399
3.5741,1.1450
3.5747,1.1399
3.5752,1.1450
3.5758,1.1399
3.5763,1.1399
3.5769,1.1399
3.5774,1.1399
3.5780,1.1399
3.5785,1.1399
3.5791,1.1450
3.5796,1.1450
3.5802,1.1450
3.5807,1.1399
3.5813,1.1450
3.5818,1.1349
3.5824,1.1399
3.5829,1.1399
3.5835,1.1399
3.5840,1.1450
3.5846,1.1399
3.5851,1.1450
3.5857,1.1349
3.5862,1.1399
3.5868,1.1399
3.5873,1.1399
3.5879,1.1399
3.5884,1.1399
3.5890,1.1399
3.5895,1.1399
3.5901,1.1399
3.5906,1.1399
3.5912,1.1450
3.5917,1.1349
3.5923,1.1399
3.5928,1.1399
3.5934,1.1450
3.5939,1.1399
3.5945,1.1399
3.5950,1.1399
3.5956,1.1450
3.5961,1.1399
3.5967,1.1399
3.5972,1.1399
3.5978,1.1399
3.5983,1.1349
3.5989,1.1399
3.5994,1.1399
3.6000,1.1450
3.6006,1.1399
3.6011,1.1399
3.6017,1.1349
3.6022,1.1399
3.6028,1.1450
3.6033,1.1450
3.6039,1.1450
3.6044,1.1399
3.6050,1.1399
3.6055,1.1399
3.6061,1.1349
3.6066,1.1450
3.6072,1.1450
3.6077,1.1450
3.6083,1.1450
3.6088,1.1399
3.6094,1.1399
3.6099,1.1399
3.6105,1.1399
3.6110,1.1399
3.6116,1.1399
3.6121,1.1399
3.6127,1.1450
3.6132,1.1349
3.6138,1.1450
3.6143,1.1349
3.6149,1.1399
3.6154,1.1399
3.6160,1.1450
3.6165,1.1399
3.6171,1.1450
3.6176,1.1399
3.6182,1.1399
3.6187,1.1399
3.6193,1.1450
3.6198,1.1399
3.6204,1.1399
3.6209,1.1399
3.6215,1.1399
3.6220,1.1399
3.6226,1.1450
3.6231,1.1349
3.6237,1.1450
3.6242,1.1450
3.6248,1.1399
3.6253,1.1399
3.6259,1.1399
3.6264,1.1399
3.6270,1.1450
3.6277,1.1399
3.6283,1.1450
3.6289,1.1450
3.6295,1.1399
3.6301,1.1450
3.6307,1.1450
3.6313,1.1399
3.6318,1.1399
3.6324,1.1450
3.6330,1.1399
3.6335,1.1399
3.6341,1.1349
3.6347,1.1399
3.6352,1.1399
3.6358,1.1399
3.6364,1.1399
3.6369,1.1399
3.6375,1.1399
3.6381,1.1399
3.6386,1.1399
3.6392,1.1399
3.6397,1.1450
3.6403,1.1399
3.6408,1.1399
3.6414,1.1399
3.6419,1.1399
3.6425,1.1399
3.6431,1.1399
3.6436,1.1450
3.6442,1.1399
3.6448,1.1349
3.6455,1.1450
3.6461,1.1399
3.6467,1.1399
3.6472,1.1450
3.6478,1.1399
3.6484,1.1450
3.6490,1.1399
3.6496,1.1399
3.6502,1.1349
3.6508,1.1399
3.6513,1.1450
3.6519,1.1349
3.6525,1.1399
3.6530,1.1399
3.6536,1.1399
3.6542,1.1399
3.6548,1.1399
3.6554,1.1399
3.6560,1.1349
3.6566,1.1450
3.6571,1.1399
3.6577,1.1399
3.6582,1.1450
3.6588,1.1399
3.6593,1.1399
3.6599,1.1349
3.6604,1.1399
3.6610,1.1399
3.6615,1.1399
3.6621,1.1349
3.6626,1.1399
3.6632,1.1399
3.6637,1.1450
3.6643,1.1399
3.6648,1.1399
3.6654,1.1399
3.6659,1.1399
3.6665,1.1399
3.6670,1.1399
3.6676,1.1399
3.6681,1.1450
3.6687,1.1399
3.6692,1.1349
3.6698,1.1349
3.6704,1.1399
3.6710,1.1399
3.6716,1.1399
3.6721,1.1399
3.6727,1.1349
3.6732,1.1399
3.6737,1.1399
3.6743,1.1399
3.6748,1.1399
3.6754,1.1349
3.6759,1.1450
3.6765,1.1450
3.6770,1.1399
3.6776,1.1399
3.6781,1.1399
3.6786,1.1399
3.6792,1.1399
3.6797,1.1399
3.6803,1.1399
3.6808,1.1399
3.6814,1.1399
3.6819,1.1450
3.6825,1.1399
3.6830,1.1349
3.6835,1.1450
3.6841,1.1450
3.6846,1.1399
3.6852,1.1399
3.6857,1.1349
3.6863,1.1399
3.6868,1.1399
3.6874,1.1399
3.6879,1.1399
3.6884,1.1450
3.6890,1.1399
3.6895,1.1450
3.6901,1.1399
3.6906,1.1450
3.6912,1.1399
3.6917,1.1399
3.6923,1.1399
3.6928,1.1399
3.6933,1.1399
3.6939,1.1399
3.6944,1.1450
3.6950,1.1450
3.6955,1.1399
3.6961,1.1399
3.6966,1.1399
3.6972,1.1399
3.6977,1.1399
3.6982,1.1399
3.6988,1.1399
3.6993,1.1349
3.6999,1.1399
3.7004,1.1399
3.7010,1.1399
3.7015,1.1349
3.7021,1.1399
3.7026,1.1399
3.7032,1.1399
3.7037,1.1450
3.7042,1.1399
3.7048,1.1399
3.7053,1.1399
3.7059,1.1399
3.7064,1.1399
3.7070,1.1399
3.7075,1.1349
3.7081,1.1399
3.7086,1.1399
3.7091,1.1399
3.7097,1.1399
3.7102,1.1450
3.7108,1.1399
3.7113,1.1399
3.7119,1.1450
3.7124,1.1450
3.7130,1.1399
3.7135,1.1399
3.7140,1.1450
3.7146,1.1399
3.7151,1.1399
3.7157,1.1399
3.7162,1.1399
3.7168,1.1450
3.7173,1.1399
3.7179,1.1349
3.7184,1.1399
3.7189,1.1399
3.7195,1.1450
3.7200,1.1399
3.7206,1.1399
3.7211,1.1399
3.7217,1.1349
3.7222,1.1399
3.7228,1.1399
3.7233,1.1399
3.7238,1.1399
3.7244,1.1450
3.7249,1.1399
3.7255,1.1399
3.7260,1.1399
3.7266,1.1399
3.7271,1.1450
3.7277,1.1450
3.7282,1.1450
3.7288,1.1349
3.7293,1.1349
3.7299,1.1399
3.7304,1.1399
3.7310,1.1450
3.7315,1.1399
3.7321,1.1450
3.7326,1.1450
3.7332,1.1399
3.7337,1.1399
3.7342,1.1399
3.7348,1.1399
3.7353,1.1450
3.7359,1.1399
3.7364,1.1399
3.7370,1.1399
3.7375,1.1349
3.7381,1.1399
3.7386,1.1399
3.7391,1.1399
3.7397,1.1349
3.7402,1.1399
3.7408,1.1399
3.7413,1.1450
3.7419,1.1450
3.7424,1.1450
3.7429,1.1450
3.7435,1.1399
3.7440,1.1450
3.7446,1.1399
3.7451,1.1399
3.7456,1.1450
3.7462,1.1450
3.7467,1.1399
3.7473,1.1399
3.7482,1.1399
3.7488,1.1450
3.7493,1.1450
3.7499,1.1399
3.7504,1.1399
3.7510,1.1450
3.7515,1.1399
3.7521,1.1399
3.7526,1.1399
3.7531,1.1399
3.7537,1.1349
3.7542,1.1349
3.7548,1.1450
3.7553,1.1399
3.7558,1.1349
3.7564,1.1399
3.7569,1.1399
3.7574,1.1399
3.7580,1.1399
3.7585,1.1399
3.7591,1.1450
3.7596,1.1399
3.7601,1.1399
3.7607,1.1399
3.7612,1.1399
3.7617,1.1450
3.7623,1.1399
3.7628,1.1349
3.7634,1.1450
3.7639,1.1399
3.7644,1.1450
3.7650,1.1399
3.7655,1.1450
3.7661,1.1349
3.7666,1.1349
3.7671,1.1399
3.7677,1.1399
3.7682,1.1349
3.7688,1.1399
3.7693,1.1399
3.7698,1.1450
3.7704,1.1450
3.7710,1.1399
3.7716,1.1450
3.7721,1.1399
3.7727,1.1450
3.7732,1.1399
3.7738,1.1450
3.7743,1.1399
3.7749,1.1450
3.7754,1.1450
3.7760,1.1399
3.7765,1.1349
3.7771,1.1399
3.7776,1.1349
3.7782,1.1399
3.7787,1.1450
3.7793,1.1399
3.7798,1.1399
3.7803,1.1399
3.7809,1.1399
3.7814,1.1399
3.7820,1.1399
3.7826,1.1450
3.7834,1.1399
3.7840,1.1399
3.7846,1.1399
3.7852,1.1349
3.7857,1.1399
3.7863,1.1399
3.7871,1.1399
3.7877,1.1450
3.7885,1.1450
3.7891,1.1399
3.7898,1.1399
3.7904,1.1399
3.7910,1.1450
3.7915,1.1399
3.7921,1.1399
3.7926,1.1450
3.7932,1.1450
3.7937,1.1399
3.7943,1.1450
3.7948,1.1399
3.7953,1.1399
3.7959,1.1399
3.7965,1.1399
3.7970,1.1450
3.7976,1.1450
3.7981,1.1450
3.7987,1.1450
3.7992,1.1349
3.7998,1.1450
3.8003,1.1399
3.8009,1.1450
3.8014,1.1450
3.8020,1.1399
3.8025,1.1399
3.8031,1.1450
3.8036,1.1399
3.8042,1.1450
3.8047,1.1450
3.8053,1.1450
3.8058,1.1450
3.8064,1.1399
3.8069,1.1450
3.8074,1.1399
3.8080,1.1450
3.8085,1.1399
3.8091,1.1399
3.8096,1.1399
3.8102,1.1450
3.8108,1.1399
3.8114,1.1399
3.8119,1.1399
3.8125,1.1399
3.8130,1.1450
3.8136,1.1399
3.8141,1.1399
3.8146,1.1399
3.8152,1.1450
3.8157,1.1399
3.8163,1.1399
3.8168,1.1399
3.8174,1.1399
3.8179,1.1399
3.8185,1.1399
3.8190,1.1399
3.8195,1.1399
3.8201,1.1399
3.8206,1.1399
3.8212,1.1349
3.8217,1.1399
3.8223,1.1399
3.8228,1.1399
3.8233,1.1399
3.8239,1.1450
3.8244,1.1349
3.8250,1.1399
3.8255,1.1399
3.8261,1.1399
3.8266,1.1399
3.8271,1.1399
3.8277,1.1399
3.8282,1.1399
3.8288,1.1399
3.8293,1.1399
3.8299,1.1399
3.8305,1.1399
3.8310,1.1399
3.8316,1.1399
3.8321,1.1399
3.8327,1.1450
3.8332,1.1399
3.8338,1.1399
3.8343,1.1399
3.8349,1.1399
3.8354,1.1399
3.8360,1.1399
3.8365,1.1450
3.8371,1.1399
3.8376,1.1399
3.8382,1.1399
3.8387,1.1399
3.8393,1.1399
3.8398,1.1399
3.8403,1.1450
3.8409,1.1349
3.8414,1.1399
3.8420,1.1399
3.8425,1.1399
3.8431,1.1399
3.8436,1.1450
3.8442,1.1399
3.8447,1.1399
3.8453,1.1349
3.8458,1.1399
3.8464,1.1349
3.8469,1.1399
3.8475,1.1399
3.8480,1.1450
3.8486,1.1399
3.8491,1.1399
3.8497,1.1399
3.8503,1.1399
3.8509,1.1349
3.8515,1.1349
3.8520,1.1399
3.8526,1.1399
3.8532,1.1399
3.8537,1.1450
3.8543,1.1349
3.8548,1.1399
3.8554,1.1349
3.8560,1.1349
3.8565,1.1399
3.8571,1.1399
3.8577,1.1399
3.8583,1.1399
3.8588,1.1399
3.8594,1.1450
3.8600,1.1399
3.8606,1.1399
3.8611,1.1399
3.8617,1.1399
3.8623,1.1399
3.8629,1.1399
3.8634,1.1450
3.8640,1.1399
3.8647,1.1399
3.8652,1.1450
3.8658,1.1349
3.8663,1.1450
3.8669,1.1450
3.8675,1.1399
3.8680,1.1349
3.8686,1.1450
3.8691,1.1399
3.8697,1.1399
3.8702,1.1349
3.8708,1.1399
3.8715,1.1399
3.8720,1.1399
3.8726,1.1399
3.8731,1.1450
3.8737,1.1399
3.8742,1.1450
3.8748,1.1399
3.8753,1.1399
3.8758,1.1450
3.8764,1.1399
3.8769,1.1399
3.8775,1.1399
3.8780,1.1399
3.8785,1.1399
3.8791,1.1399
3.8796,1.1450
3.8802,1.1349
3.8807,1.1399
3.8812,1.1450
3.8818,1.1399
3.8823,1.1450
3.8829,1.1399
3.8834,1.1399
3.8839,1.1450
3.8845,1.1450
3.8850,1.1399
3.8856,1.1399
3.8861,1.1399
3.8866,1.1450
3.8872,1.1399
3.8878,1.1399
3.8883,1.1399
3.8889,1.1399
3.8894,1.1399
3.8900,1.1450
3.8905,1.1399
3.8910,1.1450
3.8916,1.1399
3.8921,1.1450
3.8927,1.1399
3.8932,1.1399
3.8937,1.1399
3.8943,1.1399
3.8948,1.1349
3.8954,1.1399
3.8959,1.1450
3.8964,1.1450
3.8970,1.1399
3.8975,1.1349
3.8981,1.1399
3.8986,1.1399
3.8991,1.1399
3.8997,1.1399
3.9002,1.1399
3.9008,1.1399
3.9013,1.1399
3.9019,1.1399
3.9024,1.1399
3.9029,1.1399
3.9035,1.1399
3.9040,1.1399
3.9046,1.1399
3.9051,1.1399
3.9057,1.1399
3.9062,1.1399
3.9067,1.1349
3.9073,1.1450
3.9078,1.1399
3.9084,1.1399
3.9089,1.1399
3.9094,1.1299
3.9100,1.1399
3.9105,1.1399
3.9111,1.1349
3.9116,1.1450
3.9121,1.1399
3.9127,1.1500
3.9132,1.1399
3.9138,1.1399
3.9143,1.1399
3.9148,1.1399
3.9154,1.1349
3.9159,1.1399
3.9165,1.1399
3.9170,1.1399
3.9175,1.1399
3.9181,1.1399
3.9186,1.1349
3.9192,1.1399
3.9197,1.1349
3.9203,1.1399
3.9208,1.1399
3.9213,1.1399
3.9219,1.1399
3.9224,1.1399
3.9230,1.1399
3.9235,1.1399
3.9240,1.1399
3.9246,1.1399
3.9251,1.1450
3.9257,1.1399
3.9262,1.1399
3.9267,1.1399
3.9273,1.1399
3.9278,1.1349
3.9284,1.1450
3.9289,1.1399
3.9294,1.1450
3.9300,1.1399
3.9305,1.1399
3.9311,1.1349
3.9316,1.1399
3.9322,1.1399
3.9327,1.1399
3.9333,1.1399
3.9338,1.1399
3.9343,1.1450
3.9349,1.1399
3.9354,1.1399
3.9360,1.1399
3.9366,1.1349
3.9371,1.1450
3.9376,1.1399
3.9382,1.1399
3.9387,1.1399
3.9393,1.1399
3.9398,1.1399
3.9404,1.1399
3.9409,1.1399
3.9414,1.1399
3.9420,1.1399
3.9425,1.1450
3.9431,1.1399
3.9436,1.1349
3.9441,1.1399
3.9447,1.1399
3.9452,1.1399
3.9458,1.1399
3.9463,1.1399
3.9468,1.1349
3.9474,1.1450
3.9479,1.1399
3.9485,1.1399
3.9490,1.1399
3.9495,1.1450
3.9501,1.1450
3.9506,1.1399
3.9512,1.1399
3.9517,1.1399
3.9523,1.1450
3.9528,1.1349
3.9533,1.1450
3.9539,1.1399
3.9544,1.1399
3.9550,1.1349
3.9555,1.1399
3.9560,1.1450
3.9566,1.1399
3.9571,1.1399
3.9577,1.1450
3.9582,1.1399
3.9587,1.1399
3.9593,1.1450
3.9598,1.1399
3.9604,1.1349
3.9609,1.1399
3.9614,1.1399
3.9620,1.1450
3.9625,1.1399
3.9631,1.1399
3.9636,1.1399
3.9642,1.1349
3.9647,1.1399
3.9653,1.1399
3.9658,1.1399
3.9663,1.1399
3.9669,1.1450
3.9674,1.1349
3.9680,1.1399
3.9685,1.1399
3.9691,1.1349
3.9696,1.1399
3.9702,1.1450
3.9707,1.1399
3.9712,1.1399
3.9718,1.1399
3.9723,1.1349
3.9729,1.1399
3.9734,1.1399
3.9740,1.1399
3.9745,1.1349
3.9751,1.1450
3.9756,1.1399
3.9762,1.1450
3.9767,1.1399
3.9773,1.1399
3.9778,1.1399
3.9784,1.1399
3.9789,1.1399
3.9795,1.1450
3.9800,1.1399
3.9806,1.1399
3.9811,1.1399
3.9817,1.1450
3.9822,1.1399
3.9828,1.1399
3.9833,1.1349
3.9839,1.1349
3.9844,1.1399
3.9850,1.1399
3.9855,1.1450
3.9861,1.1399
3.9866,1.1399
3.9872,1.1399
3.9877,1.1399
3.9883,1.1399
3.9888,1.1399
3.9894,1.1399
3.9899,1.1399
3.9905,1.1399
3.9910,1.1399
3.9916,1.1399
3.9921,1.1399
3.9927,1.1450
3.9932,1.1399
3.9938,1.1450
3.9943,1.1399
3.9949,1.1399
3.9954,1.1349
3.9960,1.1399
3.9965,1.1399
3.9971,1.1399
3.9976,1.1399
3.9982,1.1450
3.9987,1.1399
3.9993,1.1399
3.9999,1.1399
4.0004,1.1349
4.0010,1.1399
4.0015,1.1399
4.0021,1.1399
4.0026,1.1399
4.0032,1.1399
4.0037,1.1399
4.0043,1.1450
4.0048,1.1399
4.0054,1.1450
4.0059,1.1399
4.0065,1.1399
4.0070,1.1399
4.0076,1.1450
4.0082,1.1399
4.0087,1.1399
4.0093,1.1399
4.0098,1.1399
4.0104,1.1399
4.0109,1.1399
4.0115,1.1450
4.0120,1.1399
4.0126,1.1399
4.0131,1.1450
4.0137,1.1399
4.0142,1.1399
4.0148,1.1399
4.0153,1.1399
4.0159,1.1399
4.0164,1.1399
4.0170,1.1399
4.0175,1.1399
4.0181,1.1399
4.0186,1.1399
4.0192,1.1450
4.0197,1.1399
4.0203,1.1450
4.0208,1.1399
4.0214,1.1399
4.0219,1.1450
4.0225,1.1399
4.0230,1.1399
4.0236,1.1399
4.0241,1.1399
4.0247,1.1399
4.0252,1.1349
4.0258,1.1399
4.0263,1.1450
4.0269,1.1399
4.0274,1.1399
4.0280,1.1399
4.0285,1.1399
4.0291,1.1349
4.0296,1.1399
4.0302,1.1399
4.0307,1.1399
4.0313,1.1399
4.0318,1.1399
4.0324,1.1399
4.0329,1.1399
4.0335,1.1399
4.0340,1.1399
4.0346,1.1399
4.0351,1.1399
4.0357,1.1399
4.0362,1.1450
4.0368,1.1399
4.0373,1.1399
4.0379,1.1399
4.0384,1.1450
4.0390,1.1450
4.0395,1.1399
4.0401,1.1399
4.0406,1.1450
4.0412,1.1399
4.0417,1.1399
4.0423,1.1399
4.0428,1.1399
4.0434,1.1399
4.0439,1.1349
4.0445,1.1399
4.0450,1.1399
4.0456,1.1450
4.0461,1.1399
4.0467,1.1399
4.0472,1.1399
4.0478,1.1349
4.0483,1.1399
4.0489,1.1399
4.0494,1.1399
4.0500,1.1399
4.0505,1.1349
4.0511,1.1399
4.0517,1.1399
4.0522,1.1399
4.0528,1.1399
4.0533,1.1450
4.0539,1.1349
4.0544,1.1399
4.0550,1.1399
4.0555,1.1450
4.0561,1.1399
4.0566,1.1399
4.0572,1.1399
4.0577,1.1349
4.0583,1.1399
4.0588,1.1399
4.0594,1.1399
4.0599,1.1399
4.0605,1.1399
4.0610,1.1399
4.0616,1.1399
4.0621,1.1450
4.0627,1.1399
4.0632,1.1399
4.0638,1.1399
4.0643,1.1450
4.0649,1.1399
4.0654,1.1399
4.0660,1.1399
4.0665,1.1349
4.0671,1.1399
4.0676,1.1450
4.0682,1.1349
4.0687,1.1399
4.0693,1.1450
4.0698,1.1399
4.0704,1.1399
4.0709,1.1399
4.0715,1.1399
4.0720,1.1349
4.0726,1.1450
4.0731,1.1450
4.0737,1.1450
4.0742,1.1399
4.0748,1.1399
4.0753,1.1399
4.0759,1.1399
4.0764,1.1399
4.0770,1.1450
4.0775,1.1450
4.0781,1.1399
4.0786,1.1399
4.0792,1.1399
4.0797,1.1399
4.0803,1.1399
4.0808,1.1450
4.0814,1.1399
4.0819,1.1399
4.0825,1.1399
4.0831,1.1450
4.0836,1.1399
4.0842,1.1399
4.0847,1.1399
4.0853,1.1399
4.0858,1.1399
4.0863,1.1450
4.0869,1.1399
4.0874,1.1399
4.0880,1.1399
4.0886,1.1399
4.0891,1.1399
4.0897,1.1399
4.0902,1.1399
4.0908,1.1450
4.0913,1.1450
4.0919,1.1450
4.0924,1.1399
4.0930,1.1399
4.0935,1.1349
4.0941,1.1349
4.0946,1.1399
4.0952,1.1450
4.0957,1.1349
4.0963,1.1399
4.0969,1.1450
4.0974,1.1399
4.0980,1.1399
4.0985,1.1399
4.0991,1.1450
4.0996,1.1399
4.1002,1.1399
4.1007,1.1450
4.1013,1.1399
4.1019,1.1399
4.1024,1.1399
4.1030,1.1399
4.1036,1.1399
4.1041,1.1399
4.1047,1.1399
4.1052,1.1399
4.1058,1.1349
4.1063,1.1399
4.1069,1.1399
4.1074,1.1399
4.1080,1.1399
4.1085,1.1399
4.1091,1.1399
4.1096,1.1399
4.1102,1.1399
4.1107,1.1399
4.1113,1.1399
4.1118,1.1399
4.1124,1.1399
4.1130,1.1399
4.1135,1.1450
4.1141,1.1399
4.1147,1.1349
4.1153,1.1399
4.1159,1.1399
4.1165,1.1399
4.1170,1.1399
4.1176,1.1450
4.1181,1.1450
4.1187,1.1399
4.1192,1.1349
4.1198,1.1399
4.1204,1.1399
4.1209,1.1399
4.1215,1.1399
4.1221,1.1399
4.1226,1.1399
4.1232,1.1399
4.1238,1.1399
4.1243,1.1349
4.1249,1.1399
4.1254,1.1450
4.1260,1.1399
4.1265,1.1399
4.1271,1.1399
4.1277,1.1399
4.1283,1.1399
4.1289,1.1399
4.1295,1.1399
4.1301,1.1399
4.1307,1.1399
4.1312,1.1399
4.1318,1.1399
4.1324,1.1399
4.1330,1.1399
4.1336,1.1450
4.1342,1.1399
4.1347,1.1450
4.1353,1.1399
4.1359,1.1399
4.1365,1.1450
4.1370,1.1399
4.1376,1.1399
4.1381,1.1399
4.1387,1.1399
4.1392,1.1399
4.1398,1.1399
4.1404,1.1450
4.1409,1.1450
4.1415,1.1399
4.1420,1.1399
4.1426,1.1399
4.1432,1.1399
4.1437,1.1399
4.1443,1.1450
4.1449,1.1450
4.1456,1.1399
4.1462,1.1450
4.1468,1.1399
4.1479,1.1450
4.1485,1.1399
4.1491,1.1450
4.1497,1.1399
4.1503,1.1399
4.1509,1.1399
4.1515,1.1399
4.1521,1.1399
4.1527,1.1399
4.1533,1.1450
4.1538,1.1399
4.1544,1.1450
4.1551,1.1399
4.1557,1.1399
4.1563,1.1399
4.1568,1.1399
4.1574,1.1399
4.1580,1.1399
4.1586,1.1399
4.1591,1.1399
4.1597,1.1399
4.1603,1.1450
4.1608,1.1399
4.1614,1.1399
4.1619,1.1399
4.1625,1.1399
4.1631,1.1349
4.1636,1.1399
4.1642,1.1399
4.1647,1.1399
4.1653,1.1399
4.1658,1.1399
4.1664,1.1349
4.1669,1.1399
4.1675,1.1399
4.1681,1.1399
4.1686,1.1450
4.1692,1.1399
4.1697,1.1399
4.1703,1.1399
4.1708,1.1349
4.1714,1.1399
4.1720,1.1399
4.1725,1.1399
4.1731,1.1349
4.1736,1.1399
4.1742,1.1450
4.1747,1.1349
4.1753,1.1399
4.1758,1.1450
4.1763,1.1399
4.1769,1.1349
4.1774,1.1399
4.1779,1.1399
4.1785,1.1399
4.1790,1.1349
4.1796,1.1299
4.1801,1.1450
4.1806,1.1399
4.1812,1.1399
4.1817,1.1399
4.1823,1.1399
4.1828,1.1349
4.1834,1.1399
4.1839,1.1399
4.1844,1.1349
4.1850,1.1399
4.1855,1.1349
4.1861,1.1450
4.1866,1.1349
4.1872,1.1399
4.1877,1.1399
4.1882,1.1450
4.1888,1.1399
4.1893,1.1349
4.1899,1.1399
4.1905,1.1450
4.1910,1.1399
4.1916,1.1349
4.1921,1.1399
4.1927,1.1399
4.1932,1.1399
4.1937,1.1450
4.1943,1.1450
4.1948,1.1399
4.1953,1.1450
4.1959,1.1399
4.1964,1.1399
4.1970,1.1399
4.1975,1.1399
4.1980,1.1349
4.1986,1.1399
4.1991,1.1399
4.1996,1.1399
4.2002,1.1399
4.2007,1.1450
4.2013,1.1450
4.2018,1.1399
4.2023,1.1450
4.2029,1.1450
4.2034,1.1399
4.2040,1.1450
4.2045,1.1399
4.2050,1.1349
4.2056,1.1399
4.2061,1.1399
4.2066,1.1450
4.2072,1.1450
4.2077,1.1399
4.2083,1.1399
4.2088,1.1399
4.2093,1.1450
4.2099,1.1399
4.2104,1.1399
4.2110,1.1399
4.2115,1.1450
4.2121,1.1399
4.2126,1.1399
4.2131,1.1349
4.2137,1.1399
4.2142,1.1399
4.2147,1.1399
4.2153,1.1349
4.2158,1.1399
4.2163,1.1450
4.2169,1.1450
4.2174,1.1399
4.2180,1.1450
4.2185,1.1399
4.2190,1.1399
4.2196,1.1349
4.2201,1.1349
4.2207,1.1349
4.2213,1.1399
4.2218,1.1399
4.2224,1.1349
4.2229,1.1450
4.2235,1.1399
4.2240,1.1349
4.2246,1.1399
4.2251,1.1399
4.2256,1.1399
4.2262,1.1399
4.2267,1.1399
4.2273,1.1399
4.2278,1.1399
4.2283,1.1399
4.2289,1.1399
4.2295,1.1399
4.2300,1.1450
4.2305,1.1399
4.2311,1.1399
4.2316,1.1399
4.2322,1.1399
4.2327,1.1399
4.2333,1.1399
4.2338,1.1399
4.2344,1.1399
4.2349,1.1399
4.2354,1.1399
4.2360,1.1399
4.2365,1.1399
4.2371,1.1399
4.2376,1.1399
4.2381,1.1450
4.2387,1.1399
4.2392,1.1450
4.2398,1.1450
4.2403,1.1399
4.2409,1.1399
4.2414,1.1399
4.2420,1.1349
4.2425,1.1399
4.2431,1.1399
4.2436,1.1399
4.2441,1.1349
4.2447,1.1450
4.2452,1.1399
4.2458,1.1399
4.2463,1.1349
4.2469,1.1399
4.2474,1.1450
4.2480,1.1450
4.2485,1.1349
4.2491,1.1399
4.2496,1.1399
4.2502,1.1399
4.2507,1.1399
4.2513,1.1399
4.2518,1.1450
4.2523,1.1399
4.2529,1.1349
4.2534,1.1399
4.2539,1.1399
4.2545,1.1450
4.2550,1.1399
4.2555,1.1349
4.2561,1.1349
4.2566,1.1399
4.2571,1.1450
4.2577,1.1399
4.2582,1.1450
4.2587,1.1349
4.2593,1.1399
4.2598,1.1399
4.2603,1.1399
4.2609,1.1349
4.2614,1.1399
4.2619,1.1399
4.2625,1.1349
4.2630,1.1399
4.2635,1.1399
4.2641,1.1399
4.2646,1.1399
4.2651,1.1399
4.2657,1.1399
4.2662,1.1399
4.2667,1.1399
4.2673,1.1349
4.2678,1.1399
4.2683,1.1450
4.2689,1.1399
4.2694,1.1450
4.2699,1.1399
4.2705,1.1399
4.2710,1.1399
4.2715,1.1399
4.2721,1.1399
4.2726,1.1399
4.2732,1.1349
4.2737,1.1450
4.2742,1.1349
4.2747,1.1399
4.2753,1.1399
4.2758,1.1399
4.2763,1.1399
4.2769,1.1399
4.2774,1.1399
4.2779,1.1399
4.2785,1.1399
4.2790,1.1399
4.2795,1.1399
4.2801,1.1399
4.2806,1.1399
4.2811,1.1399
4.2817,1.1399
4.2822,1.1399
4.2827,1.1349
4.2833,1.1399
4.2838,1.1399
4.2843,1.1399
4.2849,1.1399
4.2854,1.1399
4.2860,1.1399
4.2865,1.1399
4.2870,1.1349
4.2876,1.1399
4.2881,1.1399
4.2886,1.1399
4.2891,1.1349
4.2897,1.1349
4.2902,1.1399
4.2907,1.1399
4.2913,1.1399
4.2918,1.1450
4.2923,1.1399
4.2929,1.1399
4.2934,1.1450
4.2939,1.1450
4.2945,1.1349
4.2950,1.1450
4.2955,1.1399
4.2961,1.1399
4.2966,1.1349
4.2971,1.1399
4.2977,1.1399
4.2982,1.1450
4.2987,1.1450
4.2993,1.1399
4.2998,1.1399
4.3003,1.1399
4.3009,1.1399
4.3014,1.1399
4.3019,1.1450
4.3025,1.1450
4.3030,1.1450
4.3035,1.1399
4.3041,1.1399
4.3046,1.1450
4.3051,1.1399
4.3057,1.1399
4.3062,1.1399
4.3067,1.1399
4.3073,1.1450
4.3078,1.1399
4.3083,1.1399
4.3089,1.1349
4.3094,1.1349
4.3100,1.1399
4.3105,1.1399
4.3110,1.1399
4.3116,1.1399
4.3121,1.1399
4.3126,1.1399
4.3132,1.1399
4.3137,1.1349
4.3142,1.1399
4.3148,1.1399
4.3153,1.1450
4.3158,1.1450
4.3164,1.1399
4.3169,1.1399
4.3174,1.1349
4.3179,1.1450
4.3185,1.1399
4.3190,1.1349
4.3195,1.1450
4.3201,1.1399
4.3206,1.1399
4.3211,1.1399
4.3217,1.1399
4.3222,1.1399
4.3227,1.1399
4.3233,1.1450
4.3238,1.1399
4.3244,1.1399
4.3249,1.1399
4.3254,1.1399
4.3260,1.1450
4.3265,1.1450
4.3270,1.1399
4.3276,1.1450
4.3281,1.1399
4.3286,1.1399
4.3292,1.1450
4.3297,1.1399
4.3302,1.1399
4.3308,1.1399
4.3313,1.1399
4.3318,1.1399
4.3324,1.1399
4.3329,1.1450
4.3334,1.1399
4.3340,1.1399
4.3345,1.1399
4.3350,1.1399
4.3355,1.1399
4.3361,1.1450
4.3366,1.1399
4.3371,1.1399
4.3377,1.1450
4.3382,1.1349
4.3387,1.1399
4.3393,1.1399
4.3398,1.1450
4.3403,1.1450
4.3409,1.1399
4.3414,1.1399
4.3419,1.1450
4.3425,1.1399
4.3430,1.1399
4.3435,1.1399
4.3441,1.1399
4.3446,1.1399
4.3451,1.1399
4.3457,1.1399
4.3462,1.1450
4.3467,1.1399
4.3473,1.1399
4.3478,1.1399
4.3483,1.1399
4.3489,1.1399
4.3494,1.1450
4.3499,1.1399
4.3505,1.1399
4.3510,1.1399
4.3515,1.1349
4.3521,1.1399
4.3526,1.1399
4.3531,1.1399
4.3537,1.1349
4.3542,1.1399
4.3548,1.1399
4.3553,1.1399
4.3558,1.1399
4.3563,1.1349
4.3569,1.1399
4.3574,1.1349
4.3579,1.1450
4.3585,1.1399
4.3590,1.1399
4.3595,1.1399
4.3601,1.1399
4.3606,1.1399
4.3612,1.1399
4.3617,1.1450
4.3622,1.1399
4.3628,1.1399
4.3633,1.1349
4.3638,1.1450
4.3644,1.1399
4.3649,1.1399
4.3654,1.1450
4.3660,1.1450
4.3665,1.1399
4.3670,1.1399
4.3676,1.1450
4.3681,1.1399
4.3686,1.1399
4.3692,1.1399
4.3697,1.1399
4.3702,1.1399
4.3708,1.1399
4.3713,1.1399
4.3718,1.1349
4.3724,1.1399
4.3730,1.1399
4.3736,1.1399
4.3741,1.1349
4.3746,1.1399
4.3752,1.1399
4.3757,1.1399
4.3763,1.1399
4.3769,1.1349
4.3774,1.1399
4.3780,1.1399
4.3785,1.1399
4.3791,1.1399
4.3796,1.1450
4.3802,1.1399
4.3807,1.1399
4.3813,1.1399
4.3818,1.1399
4.3823,1.1349
4.3829,1.1399
4.3834,1.1399
4.3840,1.1399
4.3845,1.1399
4.3851,1.1450
4.3856,1.1399
4.3862,1.1399
4.3867,1.1450
4.3873,1.1399
4.3878,1.1399
4.3884,1.1399
4.3889,1.1399
4.3895,1.1399
4.3900,1.1399
4.3906,1.1399
4.3911,1.1399
4.3917,1.1399
4.3922,1.1450
4.3928,1.1349
4.3933,1.1399
4.3939,1.1450
4.3944,1.1349
4.3950,1.1399
4.3955,1.1399
4.3961,1.1399
4.3966,1.1349
4.3972,1.1399
4.3977,1.1399
4.3983,1.1399
4.3988,1.1399
4.3994,1.1450
4.4000,1.1349
4.4005,1.1399
4.4011,1.1450
4.4016,1.1399
4.4022,1.1450
4.4027,1.1399
4.4033,1.1399
4.4038,1.1399
4.4044,1.1399
4.4049,1.1399
4.4055,1.1450
4.4060,1.1349
4.4066,1.1399
4.4071,1.1399
4.4077,1.1450
4.4082,1.1450
4.4088,1.1399
4.4093,1.1450
4.4099,1.1399
4.4104,1.1399
4.4110,1.1399
4.4115,1.1399
4.4121,1.1399
4.4126,1.1399
4.4132,1.1349
4.4137,1.1399
4.4143,1.1399
4.4148,1.1399
4.4154,1.1399
4.4159,1.1450
4.4165,1.1399
4.4170,1.1399
4.4176,1.1399
4.4181,1.1399
4.4187,1.1450
4.4192,1.1399
4.4198,1.1399
4.4203,1.1399
4.4209,1.1349
4.4214,1.1399
4.4220,1.1349
4.4225,1.1349
4.4231,1.1450
4.4237,1.1399
4.4242,1.1399
4.4248,1.1399
4.4253,1.1399
4.4259,1.1399
4.4264,1.1399
4.4270,1.1349
4.4275,1.1450
4.4281,1.1399
4.4286,1.1399
4.4292,1.1399
4.4297,1.1399
4.4303,1.1399
4.4308,1.1399
4.4314,1.1399
4.4319,1.1399
4.4325,1.1399
4.4330,1.1399
4.4336,1.1399
4.4341,1.1399
4.4347,1.1399
4.4352,1.1349
4.4358,1.1399
4.4363,1.1450
4.4369,1.1349
4.4374,1.1399
4.4380,1.1450
4.4385,1.1399
4.4391,1.1399
4.4396,1.1450
4.4402,1.1399
4.4407,1.1399
4.4413,1.1399
4.4418,1.1399
4.4424,1.1399
4.4429,1.1399
4.4435,1.1349
4.4440,1.1450
4.4446,1.1399
4.4451,1.1450
4.4457,1.1399
4.4462,1.1450
4.4468,1.1399
4.4473,1.1399
4.4479,1.1450
4.4484,1.1399
4.4490,1.1399
4.4495,1.1399
4.4501,1.1399
4.4506,1.1349
4.4512,1.1399
4.4517,1.1399
4.4523,1.1399
4.4528,1.1399
4.4534,1.1349
4.4539,1.1450
4.4545,1.1399
4.4550,1.1399
4.4556,1.1349
4.4562,1.1399
4.4568,1.1399
4.4574,1.1399
4.4580,1.1399
4.4585,1.1399
4.4591,1.1399
4.4597,1.1399
4.4603,1.1399
4.4608,1.1399
4.4614,1.1349
4.4620,1.1399
4.4625,1.1399
4.4631,1.1399
4.4637,1.1399
4.4643,1.1399
4.4648,1.1399
4.4654,1.1450
4.4660,1.1399
4.4666,1.1399
4.4671,1.1399
4.4677,1.1399
4.4682,1.1399
4.4688,1.1399
4.4694,1.1450
4.4700,1.1450
4.4706,1.1399
4.4712,1.1399
4.4717,1.1450
4.4724,1.1399
4.4730,1.1349
4.4736,1.1399
4.4741,1.1399
4.4747,1.1399
4.4753,1.1349
4.4758,1.1399
4.4764,1.1450
4.4769,1.1399
4.4775,1.1399
4.4780,1.1399
4.4786,1.1450
4.4791,1.1349
4.4797,1.1399
4.4802,1.1349
4.4807,1.1450
4.4813,1.1399
4.4818,1.1399
4.4824,1.1399
4.4829,1.1399
4.4835,1.1450
4.4840,1.1399
4.4846,1.1399
4.4851,1.1399
4.4857,1.1450
4.4862,1.1399
4.4868,1.1399
4.4873,1.1349
4.4879,1.1399
4.4885,1.1399
4.4891,1.1399
4.4896,1.1399
4.4902,1.1450
4.4907,1.1399
4.4913,1.1399
4.4918,1.1349
4.4924,1.1399
4.4929,1.1399
4.4935,1.1450
4.4940,1.1450
4.4946,1.1349
4.4951,1.1399
4.4957,1.1299
4.4962,1.1349
4.4968,1.1450
4.4973,1.1399
4.4979,1.1399
4.4984,1.1399
4.4989,1.1450
4.4995,1.1450
4.5000,1.1349
4.5006,1.1399
4.5011,1.1399
4.5017,1.1399
4.5022,1.1399
4.5028,1.1399
4.5033,1.1450
4.5039,1.1399
4.5044,1.1399
4.5050,1.1399
4.5055,1.1349
4.5061,1.1399
4.5066,1.1349
4.5072,1.1450
4.5077,1.1399
4.5082,1.1399
4.5088,1.1399
4.5093,1.1349
4.5099,1.1399
4.5105,1.1450
4.5110,1.1349
4.5116,1.1399
4.5121,1.1399
4.5127,1.1349
4.5132,1.1399
4.5138,1.1399
4.5143,1.1399
4.5149,1.1399
4.5154,1.1399
4.5160,1.1399
4.5165,1.1399
4.5171,1.1349
4.5176,1.1349
4.5182,1.1399
4.5187,1.1399
4.5193,1.1399
4.5198,1.1450
4.5204,1.1399
4.5210,1.1399
4.5215,1.1399
4.5221,1.1399
4.5226,1.1399
4.5232,1.1399
4.5237,1.1399
4.5243,1.1450
4.5248,1.1399
4.5254,1.1399
4.5259,1.1399
4.5265,1.1399
4.5270,1.1399
4.5276,1.1450
4.5281,1.1450
4.5287,1.1399
4.5292,1.1450
4.5298,1.1399
4.5303,1.1399
4.5309,1.1399
4.5314,1.1450
4.5320,1.1399
4.5325,1.1399
4.5331,1.1399
4.5336,1.1450
4.5342,1.1349
4.5347,1.1349
4.5353,1.1399
4.5358,1.1399
4.5364,1.1399
4.5369,1.1399
4.5375,1.1399
4.5380,1.1349
4.5386,1.1399
4.5391,1.1399
4.5397,1.1349
4.5402,1.1349
4.5408,1.1399
4.5413,1.1399
4.5419,1.1450
4.5424,1.1349
4.5430,1.1399
4.5435,1.1399
4.5441,1.1399
4.5446,1.1450
4.5452,1.1349
4.5457,1.1399
4.5463,1.1399
4.5468,1.1399
4.5474,1.1399
4.5479,1.1399
4.5485,1.1399
4.5491,1.1349
4.5496,1.1399
4.5502,1.1399
4.5507,1.1399
4.5513,1.1399
4.5518,1.1450
4.5524,1.1399
4.5529,1.1349
4.5535,1.1399
4.5540,1.1349
4.5546,1.1349
4.5551,1.1399
4.5557,1.1399
4.5562,1.1399
4.5568,1.1399
4.5573,1.1399
4.5579,1.1399
4.5584,1.1399
4.5590,1.1399
4.5595,1.1399
4.5601,1.1450
4.5606,1.1399
4.5612,1.1349
4.5617,1.1399
4.5623,1.1450
4.5628,1.1399
4.5634,1.1399
4.5640,1.1349
4.5645,1.1399
4.5651,1.1399
4.5656,1.1399
4.5662,1.1399
4.5667,1.1399
4.5673,1.1399
4.5678,1.1399
4.5684,1.1349
4.5689,1.1399
4.5695,1.1399
4.5700,1.1399
4.5706,1.1399
4.5711,1.1450
4.5717,1.1399
4.5722,1.1399
4.5727,1.1399
4.5733,1.1399
4.5739,1.1399
4.5744,1.1399
4.5750,1.1399
4.5755,1.1399
4.5761,1.1399
4.5766,1.1349
4.5771,1.1399
4.5777,1.1399
4.5782,1.1399
4.5788,1.1399
4.5793,1.1399
4.5799,1.1399
4.5805,1.1399
4.5811,1.1399
4.5816,1.1450
4.5822,1.1399
4.5827,1.1399
4.5833,1.1399
4.5838,1.1399
4.5843,1.1399
4.5849,1.1450
4.5854,1.1399
4.5860,1.1399
4.5865,1.1399
4.5871,1.1349
4.5876,1.1399
4.5882,1.1399
4.5887,1.1399
4.5893,1.1399
4.5898,1.1399
4.5904,1.1349
4.5909,1.1399
4.5915,1.1399
4.5920,1.1349
4.5925,1.1399
4.5931,1.1399
4.5936,1.1399
4.5942,1.1399
4.5947,1.1399
4.5953,1.1399
4.5958,1.1399
4.5964,1.1399
4.5969,1.1399
4.5975,1.1450
4.5980,1.1399
4.5986,1.1399
4.5991,1.1399
4.5996,1.1399
4.6002,1.1450
4.6007,1.1399
4.6013,1.1349
4.6018,1.1399
4.6024,1.1399
4.6029,1.1399
4.6035,1.1399
4.6040,1.1399
4.6046,1.1399
4.6051,1.1450
4.6057,1.1349
4.6062,1.1399
4.6068,1.1450
4.6073,1.1399
4.6078,1.1399
4.6084,1.1349
4.6089,1.1399
4.6095,1.1399
4.6100,1.1399
4.6106,1.1399
4.6111,1.1399
4.6117,1.1399
4.6122,1.1399
4.6128,1.1399
4.6133,1.1399
4.6139,1.1399
4.6144,1.1399
4.6150,1.1399
4.6155,1.1450
4.6161,1.1399
4.6166,1.1399
4.6171,1.1399
4.6177,1.1399
4.6182,1.1399
4.6188,1.1399
4.6193,1.1399
4.6199,1.1399
4.6204,1.1399
4.6210,1.1399
4.6215,1.1399
4.6221,1.1399
4.6226,1.1399
4.6232,1.1399
4.6237,1.1399
4.6243,1.1399
4.6248,1.1399
4.6253,1.1399
4.6259,1.1450
4.6264,1.1399
4.6270,1.1399
4.6276,1.1399
4.6282,1.1399
4.6288,1.1399
4.6294,1.1399
4.6300,1.1399
4.6306,1.1450
4.6311,1.1399
4.6317,1.1450
4.6323,1.1450
4.6328,1.1399
4.6334,1.1450
4.6340,1.1399
4.6346,1.1399
4.6351,1.1399
4.6357,1.1399
4.6362,1.1450
4.6368,1.1399
4.6373,1.1450
4.6379,1.1399
4.6385,1.1399
4.6390,1.1450
4.6396,1.1450
4.6401,1.1399
4.6407,1.1399
4.6412,1.1349
4.6418,1.1349
4.6423,1.1399
4.6429,1.1349
4.6434,1.1399
4.6440,1.1450
4.6446,1.1399
4.6452,1.1399
4.6457,1.1399
4.6463,1.1450
4.6468,1.1399
4.6474,1.1399
4.6480,1.1450
4.6486,1.1399
4.6492,1.1450
4.6498,1.1349
4.6503,1.1399
4.6509,1.1450
4.6515,1.1399
4.6521,1.1399
4.6526,1.1399
4.6532,1.1399
4.6537,1.1399
4.6542,1.1450
4.6548,1.1399
4.6553,1.1399
4.6559,1.1399
4.6565,1.1399
4.6570,1.1399
4.6576,1.1399
4.6581,1.1399
4.6587,1.1399
4.6592,1.1450
4.6598,1.1349
4.6603,1.1399
4.6609,1.1349
4.6614,1.1399
4.6619,1.1399
4.6625,1.1450
4.6630,1.1399
4.6636,1.1399
4.6641,1.1399
4.6647,1.1399
4.6652,1.1399
4.6657,1.1450
4.6663,1.1399
4.6668,1.1399
4.6674,1.1399
4.6679,1.1349
4.6685,1.1349
4.6690,1.1450
4.6695,1.1399
4.6701,1.1399
4.6706,1.1399
4.6712,1.1399
4.6717,1.1399
4.6723,1.1399
4.6729,1.1399
4.6734,1.1399
4.6740,1.1399
4.6745,1.1399
4.6751,1.1399
4.6756,1.1399
4.6762,1.1399
4.6767,1.1399
4.6773,1.1399
4.6778,1.1399
4.6783,1.1399
4.6789,1.1399
4.6794,1.1399
4.6800,1.1450
4.6805,1.1399
4.6811,1.1399
4.6816,1.1349
4.6821,1.1399
4.6827,1.1399
4.6832,1.1399
4.6838,1.1450
4.6843,1.1450
4.6849,1.1450
4.6854,1.1399
4.6859,1.1399
4.6865,1.1450
4.6870,1.1399
4.6876,1.1399
4.6881,1.1399
4.6887,1.1399
4.6892,1.1450
4.6898,1.1399
4.6903,1.1399
4.6909,1.1399
4.6914,1.1349
4.6920,1.1399
4.6925,1.1450
4.6930,1.1399
4.6936,1.1399
4.6941,1.1399
4.6947,1.1399
4.6952,1.1399
4.6958,1.1399
4.6963,1.1399
4.6969,1.1399
4.6974,1.1399
4.6979,1.1399
4.6985,1.1399
4.6990,1.1399
4.6996,1.1399
4.7001,1.1349
4.7007,1.1399
4.7012,1.1349
4.7017,1.1399
4.7023,1.1399
4.7028,1.1349
4.7034,1.1399
4.7039,1.1399
4.7045,1.1399
4.7050,1.1399
4.7056,1.1450
4.7061,1.1450
4.7067,1.1450
4.7072,1.1450
4.7077,1.1399
4.7083,1.1399
4.7088,1.1399
4.7094,1.1399
4.7099,1.1349
4.7105,1.1399
4.7110,1.1399
4.7115,1.1450
4.7121,1.1399
4.7126,1.1399
4.7132,1.1450
4.7137,1.1349
4.7143,1.1399
4.7148,1.1349
4.7153,1.1399
4.7159,1.1399
4.7164,1.1399
4.7170,1.1450
4.7175,1.1399
4.7200,1.1399
4.7206,1.1399
4.7211,1.1399
4.7217,1.1399
4.7222,1.1399
4.7228,1.1399
4.7233,1.1399
4.7239,1.1399
4.7244,1.1399
4.7250,1.1399
4.7255,1.1399
4.7261,1.1399
4.7266,1.1399
4.7272,1.1399
4.7277,1.1399
4.7283,1.1399
4.7288,1.1349
4.7293,1.1399
4.7299,1.1399
4.7305,1.1399
4.7310,1.1399
4.7316,1.1399
4.7321,1.1399
4.7327,1.1349
4.7332,1.1399
4.7338,1.1399
4.7343,1.1349
4.7349,1.1399
4.7354,1.1399
4.7360,1.1399
4.7365,1.1399
4.7371,1.1349
4.7376,1.1399
4.7382,1.1399
4.7387,1.1450
4.7393,1.1399
4.7398,1.1349
4.7404,1.1399
4.7409,1.1399
4.7415,1.1349
4.7420,1.1399
4.7426,1.1399
4.7431,1.1399
4.7437,1.1399
4.7442,1.1399
4.7448,1.1399
4.7453,1.1399
4.7459,1.1399
4.7464,1.1399
4.7470,1.1399
4.7475,1.1399
4.7481,1.1399
4.7486,1.1399
4.7492,1.1399
4.7497,1.1399
4.7503,1.1399
4.7508,1.1399
4.7514,1.1399
4.7519,1.1399
4.7525,1.1399
4.7530,1.1399
4.7536,1.1399
4.7541,1.1399
4.7547,1.1399
4.7552,1.1399
4.7558,1.1399
4.7563,1.1399
4.7569,1.1399
4.7574,1.1399
4.7580,1.1399
4.7585,1.1399
4.7591,1.1399
4.7596,1.1399
4.7602,1.1349
4.7607,1.1399
4.7613,1.1399
4.7618,1.1399
4.7624,1.1399
4.7629,1.1399
4.7635,1.1399
4.7640,1.1450
4.7646,1.1349
4.7651,1.1399
4.7657,1.1399
4.7662,1.1399
4.7668,1.1399
4.7673,1.1399
4.7679,1.1399
4.7684,1.1450
4.7690,1.1399
4.7695,1.1450
4.7701,1.1399
4.7706,1.1399
4.7712,1.1399
4.7717,1.1399
4.7723,1.1450
4.7728,1.1450
4.7734,1.1399
4.7739,1.1399
4.7745,1.1399
4.7751,1.1399
4.7757,1.1349
4.7762,1.1399
4.7768,1.1399
4.7773,1.1399
4.7779,1.1399
4.7784,1.1399
4.7790,1.1399
4.7795,1.1399
4.7801,1.1399
4.7806,1.1399
4.7812,1.1399
4.7817,1.1450
4.7822,1.1349
4.7828,1.1399
4.7833,1.1399
4.7839,1.1399
4.7844,1.1349
4.7850,1.1399
4.7855,1.1399
4.7861,1.1399
4.7866,1.1349
4.7872,1.1399
4.7877,1.1399
4.7883,1.1399
4.7888,1.1399
4.7894,1.1399
4.7899,1.1399
4.7904,1.1399
4.7910,1.1399
4.7915,1.1399
4.7921,1.1349
4.7926,1.1399
4.7932,1.1349
4.7937,1.1399
4.7943,1.1399
4.7948,1.1349
4.7954,1.1399
4.7959,1.1399
4.7965,1.1349
4.7970,1.1399
4.7975,1.1450
4.7981,1.1399
4.7986,1.1450
4.7992,1.1450
4.7997,1.1399
4.8003,1.1349
4.8008,1.1399
4.8014,1.1450
4.8019,1.1399
4.8025,1.1399
4.8030,1.1399
4.8036,1.1399
4.8041,1.1399
4.8046,1.1399
4.8052,1.1399
4.8057,1.1349
4.8063,1.1399
4.8068,1.1450
4.8074,1.1399
4.8079,1.1399
4.8085,1.1349
4.8090,1.1399
4.8096,1.1450
4.8101,1.1399
4.8107,1.1399
4.8112,1.1349
4.8118,1.1399
4.8123,1.1399
4.8129,1.1399
4.8134,1.1399
4.8140,1.1450
4.8145,1.1399
4.8151,1.1399
4.8156,1.1399
4.8162,1.1399
4.8167,1.1399
4.8173,1.1450
4.8178,1.1399
4.8184,1.1399
4.8189,1.1399
4.8195,1.1399
4.8200,1.1399
4.8206,1.1399
4.8211,1.1399
4.8217,1.1399
4.8222,1.1450
4.8228,1.1399
4.8233,1.1399
4.8239,1.1399
4.8244,1.1399
4.8250,1.1349
4.8255,1.1450
4.8261,1.1399
4.8266,1.1349
4.8272,1.1399
4.8277,1.1399
4.8283,1.1450
4.8288,1.1399
4.8294,1.1399
4.8299,1.1399
4.8305,1.1450
4.8310,1.1399
4.8316,1.1349
4.8321,1.1399
4.8327,1.1399
4.8332,1.1399
4.8338,1.1349
4.8343,1.1399
4.8349,1.1399
4.8354,1.1399
4.8360,1.1399
4.8365,1.1399
4.8371,1.1399
4.8376,1.1399
4.8382,1.1399
4.8387,1.1349
4.8393,1.1349
4.8399,1.1399
4.8404,1.1399
4.8410,1.1399
4.8415,1.1349
4.8421,1.1399
4.8426,1.1399
4.8432,1.1399
4.8437,1.1399
4.8443,1.1399
4.8448,1.1399
4.8454,1.1399
4.8460,1.1349
4.8465,1.1399
4.8471,1.1399
4.8476,1.1349
4.8482,1.1399
4.8487,1.1399
4.8493,1.1450
4.8498,1.1399
4.8504,1.1399
4.8509,1.1399
4.8515,1.1399
4.8520,1.1399
4.8526,1.1450
4.8531,1.1450
4.8537,1.1349
4.8542,1.1399
4.8548,1.1399
4.8553,1.1399
4.8559,1.1399
4.8564,1.1349
4.8570,1.1399
4.8575,1.1450
4.8581,1.1399
4.8586,1.1399
4.8592,1.1399
4.8597,1.1399
4.8603,1.1450
4.8608,1.1399
4.8614,1.1399
4.8619,1.1399
4.8625,1.1399
4.8630,1.1399
4.8636,1.1349
4.8641,1.1450
4.8647,1.1349
4.8652,1.1399
4.8658,1.1399
4.8663,1.1399
4.8669,1.1450
4.8674,1.1349
4.8680,1.1399
4.8685,1.1399
4.8691,1.1399
4.8696,1.1399
4.8702,1.1399
4.8707,1.1399
4.8713,1.1399
4.8718,1.1450
4.8724,1.1450
4.8729,1.1450
4.8735,1.1399
4.8740,1.1399
4.8746,1.1399
4.8751,1.1399
4.8757,1.1399
4.8763,1.1399
4.8768,1.1399
4.8774,1.1399
4.8779,1.1349
4.8785,1.1399
4.8790,1.1399
4.8796,1.1349
4.8801,1.1399
4.8807,1.1399
4.8812,1.1450
4.8818,1.1450
4.8823,1.1399
4.8829,1.1399
4.8834,1.1450
4.8840,1.1399
4.8845,1.1399
4.8851,1.1450
4.8856,1.1349
4.8862,1.1399
4.8867,1.1399
4.8873,1.1399
4.8878,1.1399
4.8884,1.1399
4.8889,1.1349
4.8895,1.1399
4.8900,1.1399
4.8906,1.1399
4.8911,1.1450
4.8917,1.1399
4.8922,1.1399
4.8928,1.1399
4.8933,1.1399
4.8939,1.1450
4.8944,1.1399
4.8950,1.1399
4.8955,1.1399
4.8961,1.1399
4.8966,1.1349
4.8972,1.1450
4.8977,1.1450
4.8983,1.1399
4.8988,1.1399
4.8994,1.1399
4.9000,1.1399
4.9005,1.1399
4.9011,1.1450
4.9016,1.1399
4.9022,1.1349
4.9027,1.1349
4.9033,1.1399
4.9038,1.1399
4.9044,1.1399
4.9049,1.1399
4.9055,1.1399
4.9060,1.1399
4.9066,1.1399
4.9071,1.1399
4.9077,1.1399
4.9082,1.1399
4.9088,1.1399
4.9093,1.1399
4.9099,1.1399
4.9104,1.1349
4.9110,1.1399
4.9115,1.1399
4.9121,1.1450
4.9126,1.1399
4.9132,1.1349
4.9137,1.1399
4.9143,1.1399
4.9148,1.1399
4.9154,1.1399
4.9160,1.1450
4.9165,1.1349
4.9171,1.1399
4.9176,1.1399
4.9182,1.1399
4.9187,1.1399
4.9193,1.1349
4.9198,1.1399
4.9204,1.1399
4.9209,1.1399
4.9215,1.1349
4.9220,1.1399
4.9226,1.1399
4.9231,1.1399
4.9237,1.1399
4.9242,1.1399
4.9248,1.1399
4.9253,1.1399
4.9259,1.1349
4.9264,1.1450
4.9270,1.1399
4.9275,1.1399
4.9281,1.1450
4.9286,1.1399
4.9292,1.1399
4.9297,1.1450
4.9303,1.1399
4.9309,1.1349
4.9314,1.1399
4.9320,1.1399
4.9325,1.1399
4.9331,1.1450
4.9336,1.1399
4.9342,1.1450
4.9347,1.1399
4.9353,1.1399
4.9359,1.1349
4.9364,1.1399
4.9370,1.1349
4.9375,1.1399
4.9381,1.1450
4.9387,1.1399
4.9392,1.1349
4.9398,1.1399
4.9403,1.1399
4.9409,1.1399
4.9415,1.1399
4.9420,1.1399
4.9426,1.1450
4.9431,1.1399
4.9437,1.1399
4.9442,1.1399
4.9448,1.1399
4.9453,1.1399
4.9459,1.1450
4.9464,1.1399
4.9470,1.1349
4.9475,1.1399
4.9481,1.1399
4.9486,1.1399
4.9492,1.1399
4.9498,1.1399
4.9503,1.1399
4.9509,1.1399
4.9514,1.1399
4.9520,1.1399
4.9525,1.1399
4.9531,1.1399
4.9536,1.1399
4.9542,1.1349
4.9547,1.1399
4.9553,1.1399
4.9558,1.1399
4.9564,1.1450
4.9569,1.1399
4.9575,1.1399
4.9580,1.1399
4.9586,1.1399
4.9591,1.1399
4.9597,1.1399
4.9602,1.1399
4.9608,1.1399
4.9613,1.1349
4.9619,1.1399
4.9624,1.1349
4.9630,1.1349
4.9635,1.1399
4.9641,1.1399
4.9646,1.1399
4.9652,1.1399
4.9657,1.1349
4.9663,1.1399
4.9668,1.1450
4.9674,1.1399
4.9679,1.1450
4.9685,1.1399
4.9690,1.1399
4.9696,1.1349
4.9702,1.1399
4.9707,1.1399
4.9713,1.1399
4.9718,1.1399
4.9724,1.1399
4.9729,1.1399
4.9735,1.1399
4.9740,1.1349
4.9746,1.1399
4.9751,1.1349
4.9757,1.1349
4.9762,1.1399
4.9769,1.1399
4.9775,1.1399
4.9780,1.1399
4.9786,1.1450
4.9791,1.1399
4.9796,1.1399
4.9802,1.1399
4.9807,1.1450
4.9812,1.1399
4.9818,1.1399
4.9823,1.1349
4.9828,1.1399
4.9834,1.1450
4.9839,1.1399
4.9844,1.1450
4.9850,1.1450
4.9855,1.1399
4.9861,1.1450
4.9866,1.1399
4.9872,1.1349
4.9877,1.1399
4.9882,1.1399
4.9888,1.1399
4.9894,1.1399
4.9900,1.1399
4.9905,1.1399
4.9910,1.1399
4.9916,1.1399
4.9921,1.1450
4.9927,1.1349
4.9932,1.1399
4.9937,1.1399
4.9943,1.1399
4.9948,1.1399
4.9953,1.1349
4.9959,1.1399
4.9964,1.1399
4.9969,1.1399
4.9975,1.1399
4.9980,1.1399
4.9985,1.1399
4.9991,1.1399
4.9996,1.1399
5.0001,1.1399
5.0007,1.1399
5.0012,1.1399
5.0017,1.1399
5.0023,1.1399
5.0028,1.1399
5.0034,1.1399
5.0039,1.1399
5.0044,1.1349
5.0050,1.1399
5.0055,1.1399
5.0060,1.1399
5.0066,1.1450
5.0071,1.1399
5.0076,1.1399
5.0082,1.1399
5.0087,1.1399
5.0092,1.1399
5.0098,1.1399
5.0103,1.1399
5.0108,1.1349
5.0114,1.1349
5.0119,1.1399
5.0124,1.1399
5.0130,1.1399
5.0135,1.1399
5.0140,1.1349
5.0146,1.1399
5.0151,1.1349
5.0157,1.1450
5.0162,1.1399
5.0168,1.1349
5.0173,1.1399
5.0178,1.1349
5.0184,1.1399
5.0189,1.1399
5.0194,1.1399
5.0200,1.1349
5.0205,1.1399
5.0211,1.1399
5.0216,1.1399
5.0221,1.1349
5.0227,1.1450
5.0232,1.1399
5.0237,1.1399
5.0243,1.1399
5.0248,1.1399
5.0253,1.1399
5.0259,1.1450
5.0264,1.1399
5.0269,1.1349
5.0275,1.1399
5.0280,1.1399
5.0285,1.1399
5.0291,1.1399
5.0296,1.1450
5.0301,1.1399
5.0307,1.1399
5.0312,1.1399
5.0317,1.1399
5.0323,1.1399
5.0328,1.1399
5.0334,1.1399
5.0339,1.1399
5.0344,1.1399
5.0350,1.1349
5.0355,1.1450
5.0360,1.1399
5.0366,1.1399
5.0371,1.1399
5.0376,1.1399
5.0382,1.1399
5.0387,1.1399
5.0392,1.1399
5.0398,1.1399
5.0403,1.1399
5.0408,1.1450
5.0414,1.1399
5.0419,1.1399
5.0424,1.1399
5.0430,1.1399
5.0435,1.1399
5.0440,1.1399
5.0446,1.1399
5.0451,1.1399
5.0457,1.1399
5.0462,1.1349
5.0467,1.1399
5.0473,1.1450
5.0478,1.1399
5.0483,1.1349
5.0489,1.1399
5.0494,1.1399
5.0499,1.1399
5.0505,1.1399
5.0510,1.1349
5.0515,1.1399
5.0521,1.1399
5.0526,1.1399
5.0531,1.1399
5.0537,1.1399
5.0542,1.1349
5.0548,1.1399
5.0553,1.1399
5.0559,1.1349
5.0565,1.1399
5.0570,1.1399
5.0576,1.1399
5.0582,1.1349
5.0587,1.1399
5.0593,1.1399
5.0599,1.1399
5.0604,1.1450
5.0610,1.1399
5.0617,1.1399
5.0623,1.1399
5.0628,1.1349
5.0634,1.1399
5.0640,1.1399
5.0645,1.1399
5.0651,1.1450
5.0656,1.1399
5.0661,1.1399
5.0667,1.1399
5.0672,1.1399
5.0678,1.1399
5.0683,1.1399
5.0688,1.1399
5.0694,1.1399
5.0699,1.1399
5.0704,1.1399
5.0710,1.1399
5.0715,1.1349
5.0721,1.1399
5.0726,1.1399
5.0732,1.1399
5.0737,1.1450
5.0742,1.1399
5.0748,1.1450
5.0753,1.1399
5.0758,1.1399
5.0764,1.1399
5.0770,1.1399
5.0775,1.1399
5.0781,1.1399
5.0786,1.1399
5.0792,1.1399
5.0797,1.1399
5.0802,1.1450
5.0808,1.1399
5.0813,1.1349
5.0819,1.1399
5.0824,1.1349
5.0829,1.1399
5.0835,1.1399
5.0840,1.1450
5.0846,1.1399
5.0851,1.1399
5.0856,1.1399
5.0862,1.1399
5.0867,1.1399
5.0873,1.1399
5.0878,1.1399
5.0884,1.1399
5.0889,1.1399
5.0895,1.1399
5.0901,1.1399
5.0906,1.1399
5.0911,1.1399
5.0917,1.1399
5.0922,1.1399
5.0928,1.1349
5.0933,1.1450
5.0938,1.1399
5.0944,1.1450
5.0949,1.1349
5.0955,1.1399
5.0960,1.1399
5.0965,1.1399
5.0971,1.1349
5.0976,1.1399
5.0982,1.1399
5.0987,1.1399
5.0992,1.1399
5.0998,1.1399
5.1003,1.1450
5.1009,1.1299
5.1014,1.1399
5.1020,1.1399
5.1025,1.1349
5.1030,1.1399
5.1036,1.1399
5.1041,1.1399
5.1047,1.1399
5.1052,1.1450
5.1058,1.1399
5.1063,1.1399
5.1068,1.1349
5.1074,1.1399
5.1079,1.1399
5.1085,1.1399
5.1090,1.1399
5.1096,1.1399
5.1101,1.1399
5.1107,1.1399
5.1112,1.1399
5.1117,1.1399
5.1123,1.1399
5.1128,1.1399
5.1134,1.1399
5.1139,1.1450
5.1145,1.1399
5.1150,1.1399
5.1155,1.1399
5.1161,1.1399
5.1166,1.1399
5.1172,1.1349
5.1177,1.1399
5.1183,1.1399
5.1188,1.1349
5.1193,1.1399
5.1199,1.1399
5.1204,1.1399
5.1210,1.1349
5.1215,1.1450
5.1221,1.1399
5.1226,1.1399
5.1232,1.1399
5.1237,1.1399
5.1243,1.1399
5.1248,1.1399
5.1254,1.1399
5.1259,1.1399
5.1264,1.1349
5.1270,1.1399
5.1276,1.1399
5.1282,1.1349
5.1288,1.1450
5.1294,1.1399
5.1299,1.1399
5.1305,1.1399
5.1311,1.1399
5.1316,1.1399
5.1322,1.1399
5.1327,1.1399
5.1333,1.1349
5.1338,1.1399
5.1344,1.1349
5.1349,1.1399
5.1355,1.1399
5.1360,1.1399
5.1366,1.1399
5.1371,1.1399
5.1376,1.1349
5.1382,1.1399
5.1388,1.1450
5.1394,1.1399
5.1400,1.1450
5.1405,1.1399
5.1411,1.1399
5.1416,1.1399
5.1422,1.1399
5.1428,1.1399
5.1434,1.1399
5.1439,1.1450
5.1445,1.1450
5.1450,1.1399
5.1456,1.1399
5.1462,1.1399
5.1471,1.1299
5.1477,1.1399
5.1483,1.1399
5.1488,1.1450
5.1494,1.1399
5.1500,1.1399
5.1505,1.1399
5.1510,1.1399
5.1516,1.1399
5.1521,1.1399
5.1527,1.1349
5.1532,1.1399
5.1537,1.1349
5.1543,1.1399
5.1548,1.1349
5.1554,1.1450
5.1559,1.1349
5.1565,1.1399
5.1570,1.1399
5.1576,1.1399
5.1581,1.1399
5.1586,1.1399
5.1592,1.1349
5.1597,1.1399
5.1603,1.1399
5.1608,1.1349
5.1613,1.1399
5.1619,1.1399
5.1624,1.1399
5.1629,1.1399
5.1635,1.1399
5.1640,1.1399
5.1646,1.1399
5.1651,1.1399
5.1656,1.1349
5.1662,1.1399
5.1667,1.1399
5.1673,1.1349
5.1678,1.1450
5.1683,1.1349
5.1689,1.1399
5.1694,1.1399
5.1699,1.1399
5.1705,1.1399
5.1710,1.1399
5.1716,1.1399
5.1721,1.1349
5.1727,1.1399
5.1733,1.1349
5.1739,1.1399
5.1744,1.1399
5.1749,1.1450
5.1755,1.1399
5.1760,1.1399
5.1766,1.1450
5.1771,1.1399
5.1778,1.1450
5.1783,1.1399
5.1789,1.1399
5.1794,1.1399
5.1800,1.1349
5.1805,1.1349
5.1811,1.1399
5.1816,1.1399
5.1822,1.1399
5.1827,1.1349
5.1833,1.1399
5.1838,1.1399
5.1843,1.1399
5.1849,1.1399
5.1854,1.1349
5.1860,1.1399
5.1865,1.1399
5.1871,1.1399
5.1876,1.1450
5.1882,1.1399
5.1887,1.1399
5.1893,1.1450
5.1898,1.1399
5.1904,1.1399
5.1909,1.1399
5.1914,1.1349
5.1920,1.1399
5.1925,1.1450
5.1931,1.1399
5.1937,1.1399
5.1942,1.1399
5.1948,1.1450
5.1953,1.1399
5.1958,1.1399
5.1964,1.1399
5.1969,1.1399
5.1975,1.1399
5.1980,1.1349
5.1986,1.1399
5.1991,1.1399
5.1997,1.1399
5.2002,1.1399
5.2008,1.1450
5.2013,1.1399
5.2019,1.1450
5.2024,1.1399
5.2030,1.1450
5.2035,1.1399
5.2041,1.1399
5.2046,1.1399
5.2051,1.1399
5.2057,1.1399
5.2062,1.1349
5.2068,1.1399
5.2073,1.1399
5.2079,1.1399
5.2084,1.1399
5.2090,1.1399
5.2095,1.1399
5.2101,1.1399
5.2106,1.1399
5.2112,1.1399
5.2117,1.1399
5.2123,1.1399
5.2128,1.1399
5.2134,1.1450
5.2139,1.1399
5.2145,1.1399
5.2150,1.1399
5.2156,1.1399
5.2161,1.1399
5.2167,1.1399
5.2172,1.1399
5.2178,1.1399
5.2183,1.1450
5.2189,1.1399
5.2194,1.1450
5.2200,1.1349
5.2205,1.1450
5.2211,1.1399
5.2216,1.1450
5.2222,1.1399
5.2227,1.1399
5.2233,1.1399
5.2238,1.1399
5.2244,1.1399
5.2249,1.1399
5.2255,1.1399
5.2260,1.1349
5.2266,1.1399
5.2271,1.1349
5.2277,1.1399
5.2282,1.1399
5.2288,1.1349
5.2293,1.1399
5.2299,1.1399
5.2304,1.1399
5.2310,1.1399
5.2315,1.1450
5.2321,1.1399
5.2326,1.1399
5.2332,1.1399
5.2337,1.1399
5.2343,1.1399
5.2348,1.1399
5.2354,1.1399
5.2359,1.1399
5.2365,1.1450
5.2370,1.1399
5.2376,1.1399
5.2381,1.1349
5.2387,1.1450
5.2392,1.1399
5.2398,1.1399
5.2404,1.1399
5.2409,1.1399
5.2415,1.1399
5.2420,1.1399
5.2426,1.1399
5.2431,1.1349
5.2437,1.1399
5.2442,1.1399
5.2448,1.1399
5.2453,1.1349
5.2459,1.1399
5.2464,1.1399
5.2470,1.1399
5.2475,1.1399
5.2481,1.1399
5.2486,1.1399
5.2492,1.1450
5.2497,1.1399
5.2503,1.1399
5.2508,1.1399
5.2514,1.1349
5.2519,1.1399
5.2525,1.1399
5.2530,1.1450
5.2536,1.1399
5.2541,1.1399
5.2547,1.1450
5.2552,1.1399
5.2558,1.1399
5.2564,1.1399
5.2569,1.1399
5.2575,1.1399
5.2580,1.1450
5.2586,1.1399
5.2591,1.1399
5.2597,1.1399
5.2602,1.1399
5.2608,1.1399
5.2614,1.1399
5.2619,1.1399
5.2625,1.1399
5.2631,1.1399
5.2637,1.1399
5.2642,1.1399
5.2648,1.1450
5.2653,1.1399
5.2659,1.1399
5.2664,1.1399
5.2670,1.1399
5.2676,1.1399
5.2681,1.1399
5.2687,1.1399
5.2693,1.1399
5.2698,1.1399
5.2704,1.1399
5.2710,1.1349
5.2715,1.1399
5.2721,1.1450
5.2726,1.1399
5.2732,1.1399
5.2737,1.1450
5.2743,1.1399
5.2749,1.1399
5.2754,1.1399
5.2760,1.1399
5.2765,1.1399
5.2771,1.1450
5.2777,1.1450
5.2800,1.1399
5.2806,1.1399
5.2811,1.1349
5.2817,1.1349
5.2822,1.1450
5.2828,1.1399
5.2834,1.1399
5.2839,1.1349
5.2845,1.1399
5.2850,1.1450
5.2856,1.1399
5.2861,1.1399
5.2867,1.1450
5.2873,1.1399
5.2878,1.1399
5.2884,1.1399
5.2889,1.1399
5.2895,1.1399
5.2901,1.1399
5.2906,1.1399
5.2912,1.1399
5.2917,1.1399
5.2923,1.1450
5.2928,1.1399
5.2934,1.1399
5.2940,1.1399
5.2945,1.1399
5.2951,1.1399
5.2957,1.1349
5.2963,1.1399
5.2969,1.1349
5.2974,1.1399
5.2980,1.1399
5.2985,1.1399
5.2991,1.1349
5.2996,1.1399
5.3002,1.1399
5.3007,1.1399
5.3013,1.1450
5.3018,1.1399
5.3024,1.1399
5.3029,1.1399
5.3035,1.1399
5.3040,1.1399
5.3045,1.1399
5.3051,1.1399
5.3056,1.1399
5.3062,1.1399
5.3067,1.1399
5.3073,1.1399
5.3078,1.1349
5.3084,1.1399
5.3089,1.1399
5.3095,1.1399
5.3100,1.1399
5.3106,1.1399
5.3111,1.1399
5.3117,1.1399
5.3122,1.1399
5.3127,1.1450
5.3133,1.1399
5.3138,1.1399
5.3144,1.1349
5.3149,1.1349
5.3155,1.1399
5.3160,1.1450
5.3166,1.1349
5.3171,1.1399
5.3177,1.1399
5.3182,1.1399
5.3188,1.1349
5.3193,1.1349
5.3200,1.1399
5.3205,1.1399
5.3211,1.1399
5.3216,1.1399
5.3222,1.1349
5.3227,1.1399
5.3233,1.1450
5.3238,1.1399
5.3243,1.1450
5.3249,1.1450
5.3254,1.1399
5.3260,1.1399
5.3265,1.1399
5.3271,1.1399
5.3276,1.1399
5.3282,1.1399
5.3287,1.1399
5.3293,1.1399
5.3298,1.1399
5.3304,1.1399
5.3309,1.1399
5.3314,1.1399
5.3320,1.1399
5.3325,1.1399
5.3331,1.1399
5.3336,1.1399
5.3342,1.1349
5.3347,1.1399
5.3353,1.1399
5.3358,1.1399
5.3364,1.1399
5.3369,1.1399
5.3375,1.1399
5.3380,1.1450
5.3386,1.1399
5.3391,1.1450
5.3397,1.1399
5.3402,1.1399
5.3408,1.1399
5.3413,1.1399
5.3419,1.1399
5.3424,1.1399
5.3430,1.1399
5.3435,1.1450
5.3440,1.1399
5.3446,1.1399
5.3451,1.1450
5.3457,1.1399
5.3462,1.1450
5.3468,1.1399
5.3473,1.1399
5.3479,1.1399
5.3484,1.1399
5.3490,1.1450
5.3495,1.1450
5.3501,1.1399
5.3506,1.1399
5.3512,1.1399
5.3517,1.1349
5.3523,1.1399
5.3528,1.1399
5.3533,1.1399
5.3539,1.1399
5.3544,1.1450
5.3550,1.1399
5.3555,1.1450
5.3561,1.1399
5.3566,1.1399
5.3572,1.1399
5.3577,1.1349
5.3583,1.1399
5.3588,1.1399
5.3594,1.1399
5.3599,1.1349
5.3605,1.1399
5.3610,1.1399
5.3616,1.1399
5.3621,1.1450
5.3626,1.1399
5.3632,1.1349
5.3637,1.1399
5.3643,1.1399
5.3648,1.1450
5.3654,1.1399
5.3659,1.1450
5.3665,1.1399
5.3670,1.1399
5.3676,1.1399
5.3681,1.1399
5.3687,1.1399
5.3692,1.1399
5.3698,1.1450
5.3703,1.1349
5.3709,1.1450
5.3714,1.1399
5.3719,1.1450
5.3725,1.1399
5.3730,1.1349
5.3736,1.1399
5.3741,1.1399
5.3747,1.1399
5.3752,1.1399
5.3758,1.1349
5.3763,1.1399
5.3769,1.1399
5.3774,1.1450
5.3780,1.1349
5.3787,1.1399
5.3792,1.1399
5.3798,1.1349
5.3803,1.1349
5.3809,1.1399
5.3814,1.1399
5.3819,1.1399
5.3825,1.1399
5.3830,1.1399
5.3836,1.1399
5.3841,1.1399
5.3846,1.1349
5.3852,1.1399
5.3857,1.1399
5.3863,1.1399
5.3868,1.1450
5.3873,1.1399
5.3879,1.1399
5.3884,1.1399
5.3890,1.1399
5.3895,1.1399
5.3900,1.1399
5.3906,1.1399
5.3911,1.1399
5.3917,1.1399
5.3922,1.1399
5.3928,1.1399
5.3933,1.1399
5.3938,1.1399
5.3944,1.1399
5.3949,1.1399
5.3955,1.1450
5.3960,1.1399
5.3965,1.1349
5.3971,1.1349
5.3976,1.1399
5.3982,1.1399
5.3987,1.1399
5.3992,1.1450
5.3998,1.1399
5.4003,1.1399
5.4009,1.1399
5.4014,1.1399
5.4020,1.1399
5.4025,1.1399
5.4031,1.1399
5.4036,1.1399
5.4041,1.1399
5.4047,1.1349
5.4053,1.1450
5.4058,1.1399
5.4063,1.1399
5.4069,1.1399
5.4074,1.1399
5.4080,1.1399
5.4085,1.1399
5.4091,1.1399
5.4096,1.1349
5.4102,1.1450
5.4107,1.1450
5.4112,1.1399
5.4118,1.1399
5.4123,1.1399
5.4129,1.1349
5.4134,1.1399
5.4140,1.1450
5.4145,1.1349
5.4150,1.1399
5.4156,1.1450
5.4161,1.1399
5.4167,1.1399
5.4172,1.1399
5.4178,1.1399
5.4183,1.1399
5.4188,1.1399
5.4194,1.1399
5.4199,1.1450
5.4205,1.1399
5.4210,1.1399
5.4216,1.1399
5.4221,1.1399
5.4227,1.1399
5.4232,1.1399
5.4237,1.1399
5.4243,1.1399
5.4248,1.1399
5.4254,1.1399
5.4259,1.1399
5.4265,1.1399
5.4270,1.1399
5.4275,1.1399
5.4281,1.1399
5.4286,1.1399
5.4292,1.1450
5.4297,1.1349
5.4303,1.1399
5.4308,1.1399
5.4314,1.1349
5.4319,1.1399
5.4324,1.1399
5.4330,1.1399
5.4335,1.1399
5.4341,1.1349
5.4346,1.1399
5.4352,1.1399
5.4357,1.1450
5.4362,1.1349
5.4368,1.1399
5.4373,1.1399
5.4379,1.1399
5.4384,1.1399
5.4390,1.1399
5.4395,1.1399
5.4401,1.1349
5.4406,1.1399
5.4411,1.1450
5.4417,1.1399
5.4422,1.1399
5.4428,1.1399
5.4433,1.1399
5.4439,1.1399
5.4444,1.1349
5.4449,1.1399
5.4455,1.1399
5.4460,1.1399
5.4466,1.1450
5.4471,1.1349
5.4477,1.1450
5.4482,1.1399
5.4487,1.1399
5.4493,1.1450
5.4499,1.1399
5.4504,1.1399
5.4509,1.1399
5.4515,1.1399
5.4520,1.1399
5.4526,1.1349
5.4531,1.1399
5.4537,1.1399
5.4542,1.1349
5.4548,1.1399
5.4553,1.1399
5.4558,1.1399
5.4564,1.1450
5.4569,1.1399
5.4575,1.1399
5.4580,1.1399
5.4586,1.1399
5.4591,1.1399
5.4596,1.1399
5.4602,1.1399
5.4607,1.1399
5.4613,1.1399
5.4618,1.1450
5.4624,1.1399
5.4629,1.1349
5.4635,1.1349
5.4640,1.1399
5.4645,1.1399
5.4651,1.1349
5.4656,1.1399
5.4662,1.1349
5.4667,1.1450
5.4673,1.1399
5.4678,1.1399
5.4683,1.1349
5.4689,1.1399
5.4694,1.1349
5.4700,1.1399
5.4705,1.1450
5.4711,1.1399
5.4716,1.1450
5.4722,1.1399
5.4727,1.1399
5.4732,1.1399
5.4738,1.1399
5.4743,1.1399
5.4749,1.1399
5.4754,1.1399
5.4760,1.1399
5.4765,1.1399
5.4771,1.1399
5.4776,1.1399
5.4781,1.1450
5.4788,1.1399
5.4794,1.1450
5.4799,1.1450
5.4805,1.1399
5.4810,1.1399
5.4816,1.1399
5.4821,1.1399
5.4827,1.1349
5.4832,1.1399
5.4838,1.1399
5.4843,1.1399
5.4849,1.1399
5.4854,1.1399
5.4860,1.1399
5.4865,1.1399
5.4871,1.1399
5.4876,1.1399
5.4882,1.1399
5.4887,1.1450
5.4893,1.1450
5.4898,1.1450
5.4904,1.1399
5.4909,1.1399
5.4915,1.1399
5.4920,1.1450
5.4926,1.1349
5.4931,1.1349
5.4937,1.1349
5.4942,1.1399
5.4948,1.1450
5.4953,1.1399
5.4959,1.1349
5.4964,1.1399
5.4970,1.1450
5.4975,1.1399
5.4981,1.1399
5.4986,1.1399
5.4992,1.1399
5.4997,1.1399
5.5003,1.1399
5.5008,1.1450
5.5014,1.1399
5.5019,1.1399
5.5025,1.1349
5.5030,1.1450
5.5036,1.1450
5.5041,1.1399
5.5047,1.1399
5.5052,1.1399
5.5058,1.1399
5.5063,1.1399
5.5069,1.1450
5.5074,1.1450
5.5080,1.1399
5.5085,1.1399
5.5090,1.1399
5.5096,1.1399
5.5102,1.1450
5.5107,1.1399
5.5113,1.1399
5.5118,1.1399
5.5124,1.1399
5.5129,1.1349
5.5135,1.1399
5.5140,1.1399
5.5146,1.1399
5.5151,1.1450
5.5157,1.1399
5.5162,1.1450
5.5168,1.1349
5.5173,1.1349
5.5179,1.1399
5.5184,1.1399
5.5190,1.1349
5.5195,1.1450
5.5201,1.1399
5.5206,1.1399
5.5212,1.1450
5.5217,1.1349
5.5223,1.1399
5.5228,1.1349
5.5234,1.1399
5.5239,1.1349
5.5245,1.1399
5.5250,1.1399
5.5256,1.1349
5.5261,1.1399
5.5267,1.1349
5.5272,1.1399
5.5278,1.1399
5.5283,1.1399
5.5289,1.1399
5.5294,1.1399
5.5300,1.1399
5.5305,1.1349
5.5311,1.1450
5.5316,1.1349
5.5322,1.1399
5.5327,1.1399
5.5333,1.1349
5.5338,1.1399
5.5344,1.1399
5.5349,1.1399
5.5355,1.1349
5.5360,1.1399
5.5366,1.1399
5.5371,1.1399
5.5377,1.1399
5.5382,1.1399
5.5388,1.1450
5.5393,1.1450
5.5399,1.1450
5.5404,1.1399
5.5410,1.1399
5.5415,1.1399
5.5421,1.1399
5.5426,1.1399
5.5432,1.1399
5.5437,1.1349
5.5443,1.1399
5.5449,1.1450
5.5454,1.1399
5.5460,1.1399
5.5465,1.1399
5.5471,1.1399
5.5476,1.1399
5.5482,1.1399
5.5487,1.1349
5.5493,1.1399
5.5498,1.1399
5.5504,1.1399
5.5509,1.1399
5.5515,1.1399
5.5520,1.1399
5.5526,1.1399
5.5531,1.1399
5.5537,1.1399
5.5542,1.1399
5.5548,1.1399
5.5553,1.1399
5.5559,1.1399
5.5564,1.1399
5.5570,1.1399
5.5575,1.1349
5.5581,1.1399
5.5586,1.1450
5.5592,1.1349
5.5597,1.1399
5.5603,1.1399
5.5608,1.1349
5.5614,1.1399
5.5619,1.1399
5.5625,1.1399
5.5630,1.1349
5.5636,1.1399
5.5641,1.1349
5.5647,1.1399
5.5652,1.1450
5.5658,1.1399
5.5663,1.1399
5.5669,1.1450
5.5674,1.1349
5.5680,1.1399
5.5685,1.1399
5.5691,1.1399
5.5696,1.1399
5.5702,1.1450
5.5707,1.1349
5.5713,1.1399
5.5718,1.1399
5.5724,1.1349
5.5729,1.1399
5.5735,1.1399
5.5740,1.1399
5.5746,1.1399
5.5751,1.1349
5.5756,1.1450
5.5762,1.1349
5.5767,1.1399
5.5773,1.1349
5.5778,1.1349
5.5784,1.1349
5.5790,1.1450
5.5795,1.1399
5.5801,1.1450
5.5806,1.1399
5.5812,1.1349
5.5817,1.1399
5.5823,1.1399
5.5828,1.1399
5.5834,1.1399
5.5839,1.1399
5.5845,1.1399
5.5850,1.1349
5.5856,1.1399
5.5861,1.1349
5.5867,1.1399
5.5872,1.1349
5.5878,1.1450
5.5884,1.1450
5.5889,1.1399
5.5895,1.1450
5.5900,1.1399
5.5906,1.1399
5.5911,1.1450
5.5917,1.1399
5.5922,1.1399
5.5928,1.1399
5.5933,1.1399
5.5939,1.1399
5.5944,1.1399
5.5950,1.1399
5.5955,1.1399
5.5961,1.1399
5.5966,1.1399
5.5972,1.1399
5.5977,1.1349
5.5983,1.1399
5.5988,1.1349
5.5994,1.1349
5.5999,1.1349
5.6005,1.1399
5.6010,1.1399
5.6016,1.1399
5.6021,1.1450
5.6027,1.1349
5.6032,1.1399
5.6038,1.1399
5.6043,1.1399
5.6049,1.1399
5.6054,1.1399
5.6060,1.1399
5.6065,1.1399
5.6071,1.1399
5.6076,1.1399
5.6082,1.1450
5.6087,1.1399
5.6092,1.1399
5.6098,1.1349
5.6103,1.1349
5.6109,1.1399
5.6115,1.1399
5.6120,1.1399
5.6125,1.1399
5.6131,1.1349
5.6136,1.1399
5.6142,1.1399
5.6148,1.1349
5.6153,1.1450
5.6159,1.1399
5.6164,1.1349
5.6170,1.1399
5.6175,1.1349
5.6181,1.1399
5.6186,1.1399
5.6192,1.1399
5.6197,1.1399
5.6203,1.1399
5.6208,1.1399
5.6214,1.1399
5.6219,1.1450
5.6225,1.1349
5.6230,1.1399
5.6236,1.1399
5.6241,1.1399
5.6247,1.1399
5.6252,1.1399
5.6258,1.1399
5.6263,1.1399
5.6269,1.1399
5.6274,1.1399
5.6280,1.1450
5.6286,1.1399
5.6292,1.1399
5.6298,1.1399
5.6304,1.1399
5.6310,1.1349
5.6316,1.1399
5.6322,1.1399
5.6327,1.1450
5.6333,1.1399
5.6338,1.1349
5.6344,1.1399
5.6350,1.1399
5.6356,1.1399
5.6361,1.1349
5.6367,1.1399
5.6372,1.1450
5.6378,1.1399
5.6383,1.1399
5.6390,1.1399
5.6396,1.1399
5.6402,1.1399
5.6407,1.1399
5.6413,1.1349
5.6418,1.1399
5.6424,1.1399
5.6429,1.1399
5.6435,1.1399
5.6440,1.1399
5.6446,1.1399
5.6452,1.1450
5.6458,1.1399
5.6463,1.1399
5.6469,1.1399
5.6475,1.1450
5.6480,1.1450
5.6486,1.1349
5.6491,1.1399
5.6505,1.1399
5.6511,1.1399
5.6517,1.1399
5.6525,1.1450
5.6530,1.1349
5.6536,1.1399
5.6541,1.1399
5.6547,1.1399
5.6552,1.1399
5.6558,1.1399
5.6564,1.1399
5.6570,1.1399
5.6576,1.1399
5.6582,1.1349
5.6587,1.1399
5.6593,1.1399
5.6599,1.1399
5.6605,1.1399
5.6610,1.1399
5.6616,1.1349
5.6622,1.1399
5.6627,1.1349
5.6633,1.1399
5.6639,1.1349
5.6645,1.1399
5.6651,1.1399
5.6657,1.1450
5.6662,1.1399
5.6668,1.1349
5.6673,1.1399
5.6679,1.1399
5.6684,1.1399
5.6689,1.1450
5.6695,1.1399
5.6700,1.1349
5.6706,1.1399
5.6711,1.1399
5.6717,1.1450
5.6722,1.1399
5.6728,1.1399
5.6733,1.1399
5.6739,1.1399
5.6745,1.1399
5.6750,1.1399
5.6756,1.1450
5.6761,1.1399
5.6766,1.1399
5.6772,1.1349
5.6777,1.1450
5.6783,1.1399
5.6788,1.1450
5.6794,1.1399
5.6799,1.1399
5.6805,1.1349
5.6810,1.1399
5.6816,1.1399
5.6821,1.1450
5.6826,1.1399
5.6832,1.1349
5.6837,1.1399
5.6843,1.1399
5.6848,1.1399
5.6853,1.1450
5.6859,1.1399
5.6864,1.1399
5.6869,1.1399
5.6875,1.1399
5.6880,1.1349
5.6885,1.1349
5.6891,1.1399
5.6897,1.1399
5.6902,1.1349
5.6907,1.1399
5.6913,1.1399
5.6918,1.1399
5.6923,1.1349
5.6929,1.1399
5.6934,1.1399
5.6939,1.1450
5.6945,1.1399
5.6950,1.1399
5.6955,1.1399
5.6961,1.1399
5.6966,1.1399
5.6972,1.1399
5.6977,1.1399
5.6982,1.1349
5.6988,1.1399
5.6993,1.1399
5.6999,1.1349
5.7004,1.1399
5.7009,1.1399
5.7015,1.1399
5.7020,1.1399
5.7025,1.1399
5.7031,1.1399
5.7036,1.1450
5.7041,1.1399
5.7047,1.1399
5.7052,1.1399
5.7057,1.1450
5.7063,1.1399
5.7068,1.1399
5.7074,1.1450
5.7079,1.1399
5.7084,1.1450
5.7090,1.1399
5.7095,1.1399
5.7100,1.1399
5.7106,1.1399
5.7111,1.1399
5.7116,1.1349
5.7122,1.1399
5.7127,1.1399
5.7132,1.1399
5.7138,1.1399
5.7143,1.1450
5.7148,1.1349
5.7154,1.1399
5.7159,1.1399
5.7164,1.1399
5.7170,1.1450
5.7175,1.1399
5.7180,1.1349
5.7186,1.1399
5.7191,1.1399
5.7196,1.1349
5.7202,1.1399
5.7207,1.1399
5.7212,1.1399
5.7218,1.1399
5.7223,1.1399
5.7228,1.1450
5.7234,1.1399
5.7239,1.1399
5.7244,1.1399
5.7250,1.1450
5.7255,1.1450
5.7260,1.1399
5.7266,1.1349
5.7271,1.1399
5.7276,1.1349
5.7282,1.1399
5.7287,1.1399
5.7292,1.1399
5.7298,1.1399
5.7303,1.1399
5.7308,1.1399
5.7314,1.1349
5.7319,1.1399
5.7324,1.1399
5.7330,1.1349
5.7335,1.1450
5.7340,1.1399
5.7346,1.1399
5.7351,1.1399
5.7356,1.1399
5.7362,1.1399
5.7367,1.1399
5.7372,1.1399
5.7378,1.1399
5.7383,1.1399
5.7388,1.1399
5.7394,1.1399
5.7399,1.1399
5.7404,1.1450
5.7410,1.1399
5.7415,1.1399
5.7420,1.1349
5.7426,1.1399
5.7431,1.1450
5.7436,1.1399
5.7442,1.1349
5.7447,1.1450
5.7452,1.1399
5.7458,1.1399
5.7463,1.1399
5.7468,1.1399
5.7474,1.1399
5.7479,1.1399
5.7485,1.1349
5.7490,1.1450
5.7495,1.1399
5.7501,1.1399
5.7506,1.1450
5.7511,1.1399
5.7517,1.1399
5.7522,1.1399
5.7527,1.1399
5.7533,1.1399
5.7538,1.1349
5.7544,1.1399
5.7549,1.1450
5.7554,1.1399
5.7560,1.1399
5.7565,1.1399
5.7570,1.1399
5.7576,1.1399
5.7581,1.1349
5.7586,1.1399
5.7592,1.1399
5.7597,1.1399
5.7602,1.1399
5.7608,1.1349
5.7613,1.1399
5.7618,1.1399
5.7624,1.1399
5.7629,1.1349
5.7634,1.1399
5.7640,1.1399
5.7645,1.1450
5.7650,1.1399
5.7656,1.1399
5.7661,1.1399
5.7666,1.1399
5.7672,1.1399
5.7677,1.1399
5.7682,1.1349
5.7688,1.1450
5.7693,1.1349
5.7699,1.1399
5.7704,1.1399
5.7709,1.1399
5.7715,1.1399
5.7720,1.1349
5.7726,1.1399
5.7731,1.1399
5.7736,1.1399
5.7742,1.1399
5.7747,1.1399
5.7752,1.1450
5.7758,1.1399
5.7763,1.1399
5.7768,1.1399
5.7774,1.1349
5.7779,1.1399
5.7784,1.1399
5.7790,1.1399
5.7795,1.1399
5.7801,1.1349
5.7806,1.1399
5.7812,1.1399
5.7817,1.1399
5.7823,1.1399
5.7828,1.1399
5.7833,1.1349
5.7839,1.1399
5.7844,1.1399
5.7850,1.1450
5.7855,1.1349
5.7861,1.1399
5.7866,1.1399
5.7871,1.1399
5.7877,1.1399
5.7882,1.1399
5.7888,1.1399
5.7893,1.1399
5.7899,1.1399
5.7904,1.1399
5.7910,1.1349
5.7916,1.1399
5.7921,1.1399
5.7927,1.1450
5.7932,1.1399
5.7938,1.1399
5.7944,1.1349
5.7949,1.1399
5.7955,1.1399
5.7960,1.1399
5.7966,1.1399
5.7972,1.1399
5.7977,1.1399
5.7982,1.1399
5.7988,1.1399
5.7993,1.1399
5.7999,1.1399
5.8005,1.1399
5.8010,1.1399
5.8016,1.1399
5.8021,1.1399
5.8026,1.1399
5.8032,1.1399
5.8037,1.1399
5.8043,1.1399
5.8048,1.1450
5.8054,1.1450
5.8059,1.1399
5.8064,1.1399
5.8070,1.1450
5.8075,1.1399
5.8081,1.1399
5.8086,1.1450
5.8092,1.1399
5.8097,1.1399
5.8103,1.1349
5.8108,1.1399
5.8113,1.1349
5.8119,1.1399
5.8124,1.1399
5.8130,1.1399
5.8135,1.1399
5.8141,1.1399
5.8146,1.1399
5.8151,1.1399
5.8157,1.1399
5.8162,1.1399
5.8168,1.1450
5.8173,1.1399
5.8179,1.1450
5.8184,1.1399
5.8189,1.1399
5.8195,1.1399
5.8200,1.1399
5.8206,1.1399
5.8211,1.1349
5.8217,1.1399
5.8222,1.1399
5.8228,1.1399
5.8234,1.1399
5.8239,1.1450
5.8245,1.1349
5.8250,1.1399
5.8256,1.1399
5.8261,1.1399
5.8266,1.1349
5.8272,1.1349
5.8277,1.1399
5.8283,1.1399
5.8288,1.1349
5.8294,1.1399
5.8299,1.1399
5.8305,1.1399
5.8310,1.1399
5.8316,1.1399
5.8321,1.1450
5.8327,1.1399
5.8332,1.1399
5.8337,1.1399
5.8343,1.1450
5.8348,1.1399
5.8354,1.1399
5.8359,1.1399
5.8365,1.1399
5.8370,1.1399
5.8375,1.1399
5.8381,1.1349
5.8386,1.1399
5.8392,1.1399
5.8397,1.1399
5.8403,1.1399
5.8408,1.1399
5.8414,1.1399
5.8419,1.1450
5.8425,1.1349
5.8430,1.1399
5.8435,1.1399
5.8441,1.1399
5.8446,1.1349
5.8452,1.1349
5.8457,1.1399
5.8463,1.1399
5.8468,1.1399
5.8474,1.1399
5.8479,1.1399
5.8485,1.1399
5.8490,1.1399
5.8496,1.1399
5.8501,1.1399
5.8507,1.1399
5.8512,1.1399
5.8517,1.1399
5.8523,1.1399
5.8528,1.1399
5.8534,1.1399
5.8539,1.1349
5.8545,1.1399
5.8550,1.1450
5.8556,1.1349
5.8561,1.1399
5.8567,1.1399
5.8572,1.1399
5.8577,1.1399
5.8583,1.1399
5.8588,1.1399
5.8594,1.1399
5.8599,1.1399
5.8605,1.1349
5.8610,1.1399
5.8616,1.1399
5.8621,1.1399
5.8627,1.1399
5.8632,1.1399
5.8638,1.1399
5.8643,1.1399
5.8648,1.1399
5.8654,1.1450
5.8659,1.1399
5.8665,1.1399
5.8670,1.1349
5.8676,1.1349
5.8681,1.1399
5.8687,1.1399
5.8692,1.1399
5.8697,1.1399
5.8703,1.1399
5.8708,1.1399
5.8714,1.1399
5.8719,1.1399
5.8725,1.1399
5.8730,1.1399
5.8736,1.1399
5.8741,1.1399
5.8747,1.1399
5.8752,1.1399
5.8758,1.1349
5.8763,1.1399
5.8769,1.1399
5.8774,1.1399
5.8779,1.1399
5.8785,1.1399
5.8790,1.1349
5.8796,1.1399
5.8801,1.1450
5.8807,1.1399
5.8813,1.1450
5.8818,1.1349
5.8824,1.1399
5.8829,1.1349
5.8835,1.1349
5.8840,1.1399
5.8846,1.1399
5.8851,1.1399
5.8856,1.1349
5.8862,1.1399
5.8867,1.1399
5.8873,1.1399
5.8878,1.1399
5.8884,1.1399
5.8889,1.1349
5.8895,1.1399
5.8900,1.1399
5.8906,1.1349
5.8911,1.1399
5.8917,1.1450
5.8922,1.1399
5.8928,1.1399
5.8933,1.1399
5.8939,1.1349
5.8944,1.1399
5.8950,1.1399
5.8955,1.1399
5.8961,1.1349
5.8966,1.1450
5.8972,1.1399
5.8977,1.1399
5.8983,1.1399
5.8988,1.1399
5.8994,1.1399
5.8999,1.1399
5.9005,1.1399
5.9010,1.1399
5.9015,1.1399
5.9021,1.1399
5.9026,1.1399
5.9032,1.1399
5.9037,1.1399
5.9043,1.1349
5.9048,1.1399
5.9054,1.1399
5.9059,1.1450
5.9065,1.1349
5.9070,1.1399
5.9076,1.1399
5.9081,1.1399
5.9087,1.1399
5.9092,1.1399
5.9097,1.1399
5.9103,1.1399
5.9108,1.1349
5.9114,1.1349
5.9119,1.1399
5.9125,1.1349
5.9130,1.1399
5.9136,1.1399
5.9141,1.1399
5.9147,1.1349
5.9152,1.1349
5.9158,1.1399
5.9163,1.1399
5.9169,1.1399
5.9174,1.1349
5.9180,1.1399
5.9185,1.1349
5.9191,1.1399
5.9196,1.1450
5.9202,1.1399
5.9207,1.1399
5.9212,1.1399
5.9218,1.1349
5.9223,1.1399
5.9229,1.1399
5.9234,1.1399
5.9240,1.1399
5.9245,1.1399
5.9250,1.1450
5.9256,1.1399
5.9261,1.1399
5.9267,1.1399
5.9272,1.1450
5.9278,1.1399
5.9283,1.1349
5.9288,1.1399
5.9294,1.1399
5.9299,1.1399
5.9305,1.1399
5.9310,1.1399
5.9316,1.1399
5.9321,1.1399
5.9327,1.1399
5.9332,1.1349
5.9338,1.1399
5.9343,1.1399
5.9349,1.1399
5.9354,1.1399
5.9360,1.1399
5.9365,1.1349
5.9370,1.1399
5.9376,1.1399
5.9381,1.1399
5.9387,1.1399
5.9392,1.1399
5.9398,1.1349
5.9403,1.1399
5.9409,1.1450
5.9414,1.1399
5.9420,1.1399
5.9425,1.1399
5.9431,1.1399
5.9436,1.1399
5.9442,1.1399
5.9447,1.1399
5.9452,1.1399
5.9458,1.1399
5.9463,1.1349
5.9469,1.1399
5.9475,1.1399
5.9481,1.1399
5.9486,1.1399
5.9492,1.1399
5.9497,1.1399
5.9503,1.1399
5.9508,1.1349
5.9514,1.1399
5.9519,1.1399
5.9525,1.1399
5.9530,1.1399
5.9536,1.1399
5.9541,1.1349
5.9546,1.1399
5.9552,1.1450
5.9557,1.1399
5.9563,1.1399
5.9568,1.1399
5.9574,1.1399
5.9579,1.1399
5.9584,1.1399
5.9590,1.1399
5.9595,1.1399
5.9601,1.1399
5.9606,1.1399
5.9612,1.1399
5.9617,1.1450
5.9623,1.1399
5.9628,1.1399
5.9634,1.1399
5.9639,1.1399
5.9644,1.1349
5.9650,1.1399
5.9655,1.1399
5.9661,1.1399
5.9666,1.1399
5.9672,1.1450
5.9677,1.1399
5.9682,1.1399
5.9688,1.1399
5.9693,1.1349
5.9699,1.1399
5.9704,1.1399
5.9710,1.1450
5.9715,1.1349
5.9721,1.1399
5.9726,1.1399
5.9732,1.1399
5.9737,1.1450
5.9742,1.1349
5.9748,1.1399
5.9754,1.1349
5.9760,1.1399
5.9765,1.1450
5.9771,1.1349
5.9776,1.1399
5.9782,1.1349
5.9787,1.1399
5.9793,1.1399
5.9798,1.1399
5.9803,1.1399
5.9809,1.1399
5.9815,1.1399
5.9820,1.1399
5.9825,1.1450
5.9831,1.1399
5.9836,1.1399
5.9842,1.1349
5.9847,1.1399
5.9853,1.1399
5.9858,1.1349
5.9864,1.1399
5.9869,1.1399
5.9874,1.1399
5.9880,1.1399
5.9885,1.1399
5.9891,1.1399
5.9896,1.1399
5.9902,1.1399
5.9907,1.1349
5.9912,1.1450
5.9918,1.1399
5.9923,1.1399
5.9929,1.1399
5.9934,1.1349
5.9940,1.1399
5.9945,1.1349
5.9950,1.1399
5.9956,1.1399
5.9961,1.1450
5.9967,1.1349
5.9972,1.1399
5.9978,1.1399
5.9983,1.1399
5.9988,1.1399
5.9994,1.1399
5.9999,1.1399
6.0005,1.1399
6.0010,1.1399
6.0016,1.1399
6.0021,1.1399
6.0027,1.1450
6.0032,1.1399
6.0038,1.1399
6.0043,1.1399
6.0049,1.1399
6.0054,1.1399
6.0059,1.1450
6.0065,1.1349
6.0070,1.1399
6.0076,1.1399
6.0081,1.1399
6.0087,1.1399
6.0092,1.1399
6.0098,1.1349
6.0103,1.1399
6.0109,1.1399
6.0114,1.1399
6.0120,1.1399
6.0125,1.1399
6.0131,1.1399
6.0136,1.1399
6.0141,1.1399
6.0147,1.1399
6.0152,1.1399
6.0158,1.1349
6.0163,1.1399
6.0169,1.1450
6.0174,1.1399
6.0180,1.1399
6.0185,1.1399
6.0191,1.1349
6.0196,1.1399
6.0202,1.1399
6.0207,1.1399
6.0213,1.1399
6.0218,1.1399
6.0223,1.1399
6.0229,1.1399
6.0234,1.1399
6.0240,1.1399
6.0245,1.1450
6.0251,1.1399
6.0256,1.1399
6.0262,1.1399
6.0267,1.1349
6.0273,1.1399
6.0278,1.1399
6.0284,1.1399
6.0289,1.1399
6.0294,1.1349
6.0300,1.1399
6.0305,1.1399
6.0311,1.1349
6.0317,1.1399
6.0322,1.1399
6.0328,1.1399
6.0333,1.1450
6.0338,1.1349
6.0344,1.1399
6.0349,1.1399
6.0355,1.1399
6.0360,1.1399
6.0366,1.1399
6.0371,1.1399
6.0377,1.1450
6.0382,1.1399
6.0388,1.1399
6.0393,1.1399
6.0399,1.1399
6.0404,1.1399
6.0410,1.1399
6.0415,1.1399
6.0421,1.1450
6.0426,1.1349
6.0431,1.1399
6.0437,1.1349
6.0442,1.1399
6.0448,1.1399
6.0453,1.1399
6.0459,1.1399
6.0464,1.1399
6.0469,1.1399
6.0475,1.1349
6.0480,1.1399
6.0486,1.1399
6.0491,1.1349
6.0497,1.1399
6.0502,1.1399
6.0507,1.1349
6.0513,1.1399
6.0518,1.1399
6.0524,1.1399
6.0529,1.1399
6.0535,1.1399
6.0540,1.1349
6.0545,1.1349
6.0551,1.1399
6.0556,1.1399
6.0562,1.1399
6.0567,1.1399
6.0573,1.1399
6.0578,1.1399
6.0584,1.1349
6.0589,1.1399
6.0594,1.1450
6.0600,1.1349
6.0605,1.1349
6.0611,1.1349
6.0616,1.1399
6.0622,1.1349
6.0627,1.1349
6.0632,1.1399
6.0638,1.1399
6.0643,1.1399
6.0649,1.1399
6.0654,1.1399
6.0660,1.1399
6.0665,1.1399
6.0670,1.1349
6.0676,1.1399
6.0681,1.1399
6.0687,1.1399
6.0692,1.1399
6.0698,1.1349
6.0703,1.1399
6.0709,1.1349
6.0714,1.1399
6.0719,1.1349
6.0725,1.1399
6.0730,1.1399
6.0736,1.1349
6.0741,1.1399
6.0747,1.1399
6.0752,1.1450
6.0757,1.1399
6.0763,1.1399
6.0768,1.1399
6.0774,1.1399
6.0779,1.1399
6.0785,1.1399
6.0790,1.1399
6.0795,1.1399
6.0801,1.1399
6.0806,1.1399
6.0812,1.1399
6.0818,1.1399
6.0823,1.1450
6.0829,1.1399
6.0834,1.1399
6.0839,1.1349
6.0845,1.1399
6.0850,1.1450
6.0856,1.1399
6.0861,1.1399
6.0867,1.1399
6.0872,1.1349
6.0878,1.1399
6.0883,1.1450
6.0889,1.1399
6.0894,1.1399
6.0900,1.1399
6.0905,1.1399
6.0911,1.1399
6.0916,1.1399
6.0922,1.1399
6.0927,1.1399
6.0932,1.1399
6.0938,1.1399
6.0943,1.1399
6.0949,1.1399
6.0954,1.1349
6.0960,1.1349
6.0965,1.1349
6.0971,1.1399
6.0976,1.1349
6.0982,1.1399
6.0987,1.1349
6.0993,1.1399
6.0998,1.1349
6.1004,1.1399
6.1009,1.1399
6.1015,1.1399
6.1020,1.1399
6.1026,1.1399
6.1031,1.1399
6.1037,1.1399
6.1042,1.1450
6.1048,1.1399
6.1053,1.1399
6.1058,1.1399
6.1064,1.1399
6.1069,1.1399
6.1075,1.1450
6.1080,1.1450
6.1086,1.1399
6.1091,1.1399
6.1097,1.1399
6.1102,1.1349
6.1108,1.1399
6.1113,1.1450
6.1119,1.1399
6.1124,1.1399
6.1130,1.1349
6.1135,1.1399
6.1140,1.1399
6.1146,1.1399
6.1151,1.1399
6.1157,1.1399
6.1162,1.1349
6.1168,1.1399
6.1173,1.1399
6.1179,1.1399
6.1184,1.1399
6.1190,1.1349
6.1195,1.1399
6.1201,1.1399
6.1206,1.1399
6.1212,1.1399
6.1217,1.1399
6.1223,1.1399
6.1228,1.1450
6.1233,1.1399
6.1239,1.1349
6.1244,1.1399
6.1250,1.1399
6.1255,1.1399
6.1261,1.1399
6.1266,1.1399
6.1273,1.1450
6.1279,1.1349
6.1285,1.1399
6.1291,1.1399
6.1297,1.1399
6.1303,1.1399
6.1309,1.1399
6.1314,1.1399
6.1320,1.1399
6.1326,1.1349
6.1331,1.1399
6.1337,1.1399
6.1342,1.1399
6.1348,1.1399
6.1354,1.1399
6.1359,1.1399
6.1365,1.1399
6.1370,1.1399
6.1376,1.1349
6.1381,1.1450
6.1387,1.1399
6.1393,1.1399
6.1399,1.1399
6.1405,1.1399
6.1410,1.1349
6.1416,1.1399
6.1422,1.1399
6.1427,1.1399
6.1433,1.1349
6.1438,1.1349
6.1444,1.1399
6.1450,1.1399
6.1457,1.1399
6.1462,1.1399
6.1468,1.1399
6.1474,1.1399
6.1480,1.1450
6.1486,1.1399
6.1492,1.1349
6.1497,1.1399
6.1503,1.1399
6.1509,1.1399
6.1515,1.1349
6.1520,1.1349
6.1526,1.1399
6.1532,1.1349
6.1538,1.1399
6.1544,1.1399
6.1549,1.1349
6.1555,1.1399
6.1560,1.1399
6.1566,1.1349
6.1571,1.1450
6.1577,1.1399
6.1582,1.1399
6.1588,1.1450
6.1593,1.1399
6.1599,1.1399
6.1605,1.1399
6.1610,1.1399
6.1615,1.1399
6.1621,1.1399
6.1626,1.1349
6.1632,1.1450
6.1637,1.1399
6.1643,1.1399
6.1648,1.1399
6.1654,1.1399
6.1659,1.1450
6.1665,1.1399
6.1670,1.1399
6.1676,1.1399
6.1681,1.1399
6.1686,1.1399
6.1692,1.1399
6.1697,1.1349
6.1703,1.1399
6.1708,1.1349
6.1714,1.1399
6.1720,1.1399
6.1725,1.1399
6.1731,1.1399
6.1737,1.1399
6.1742,1.1399
6.1748,1.1399
6.1753,1.1349
6.1758,1.1399
6.1764,1.1349
6.1769,1.1399
6.1775,1.1399
6.1780,1.1399
6.1786,1.1399
6.1791,1.1399
6.1797,1.1399
6.1802,1.1399
6.1808,1.1399
6.1813,1.1349
6.1819,1.1399
6.1825,1.1349
6.1831,1.1399
6.1836,1.1399
6.1842,1.1450
6.1847,1.1399
6.1852,1.1450
6.1858,1.1349
6.1863,1.1399
6.1869,1.1399
6.1874,1.1399
6.1879,1.1399
6.1885,1.1349
6.1890,1.1349
6.1896,1.1399
6.1901,1.1399
6.1907,1.1399
6.1912,1.1450
6.1917,1.1399
6.1923,1.1399
6.1928,1.1349
6.1934,1.1349
6.1939,1.1349
6.1944,1.1399
6.1950,1.1399
6.1955,1.1399
6.1961,1.1399
6.1966,1.1399
6.1971,1.1399
6.1977,1.1399
6.1982,1.1399
6.1988,1.1450
6.1993,1.1349
6.1999,1.1399
6.2004,1.1349
6.2009,1.1399
6.2015,1.1399
6.2020,1.1399
6.2026,1.1399
6.2031,1.1399
6.2036,1.1349
6.2042,1.1399
6.2047,1.1399
6.2053,1.1399
6.2058,1.1349
6.2063,1.1399
6.2069,1.1399
6.2074,1.1399
6.2080,1.1399
6.2085,1.1399
6.2091,1.1450
6.2096,1.1349
6.2101,1.1399
6.2107,1.1399
6.2112,1.1399
6.2118,1.1399
6.2123,1.1349
6.2128,1.1399
6.2134,1.1399
6.2139,1.1399
6.2145,1.1349
6.2150,1.1349
6.2155,1.1399
6.2161,1.1399
6.2166,1.1399
6.2172,1.1399
6.2177,1.1399
6.2182,1.1349
6.2188,1.1399
6.2193,1.1399
6.2199,1.1450
6.2204,1.1399
6.2210,1.1399
6.2215,1.1399
6.2221,1.1450
6.2226,1.1349
6.2232,1.1399
6.2237,1.1399
6.2243,1.1399
6.2248,1.1349
6.2253,1.1399
6.2259,1.1399
6.2264,1.1399
6.2270,1.1349
6.2275,1.1399
6.2281,1.1399
6.2286,1.1349
6.2291,1.1450
6.2297,1.1399
6.2302,1.1399
6.2308,1.1399
6.2313,1.1450
6.2319,1.1399
6.2324,1.1349
6.2330,1.1349
6.2335,1.1399
6.2340,1.1399
6.2346,1.1399
6.2351,1.1399
6.2357,1.1399
6.2362,1.1349
6.2368,1.1450
6.2373,1.1399
6.2379,1.1399
6.2384,1.1399
6.2389,1.1399
6.2395,1.1399
6.2400,1.1399
6.2406,1.1349
6.2411,1.1399
6.2417,1.1399
6.2422,1.1399
6.2428,1.1349
6.2433,1.1399
6.2439,1.1349
6.2444,1.1399
6.2450,1.1399
6.2455,1.1399
6.2460,1.1399
6.2466,1.1349
6.2471,1.1399
6.2477,1.1450
6.2482,1.1349
6.2488,1.1399
6.2493,1.1349
6.2499,1.1399
6.2504,1.1399
6.2510,1.1399
6.2515,1.1399
6.2520,1.1349
6.2526,1.1399
6.2531,1.1399
6.2537,1.1349
6.2542,1.1349
6.2548,1.1399
6.2553,1.1399
6.2559,1.1399
6.2565,1.1399
6.2571,1.1399
6.2577,1.1399
6.2583,1.1399
6.2589,1.1349
6.2594,1.1399
6.2600,1.1399
6.2606,1.1399
6.2612,1.1399
6.2618,1.1399
6.2624,1.1349
6.2630,1.1399
6.2636,1.1399
6.2641,1.1399
6.2648,1.1399
6.2654,1.1399
6.2660,1.1399
6.2665,1.1399
6.2670,1.1399
6.2676,1.1399
6.2681,1.1399
6.2687,1.1399
6.2692,1.1399
6.2697,1.1399
6.2703,1.1399
6.2708,1.1399
6.2714,1.1349
6.2719,1.1399
6.2724,1.1399
6.2730,1.1399
6.2735,1.1349
6.2741,1.1399
6.2747,1.1450
6.2752,1.1399
6.2758,1.1399
6.2763,1.1399
6.2769,1.1399
6.2774,1.1399
6.2779,1.1399
6.2785,1.1399
6.2790,1.1399
6.2796,1.1399
6.2801,1.1399
6.2806,1.1399
6.2812,1.1399
6.2817,1.1399
6.2823,1.1399
6.2829,1.1349
6.2835,1.1399
6.2840,1.1399
6.2845,1.1450
6.2851,1.1349
6.2856,1.1399
6.2862,1.1349
6.2867,1.1399
6.2873,1.1349
6.2878,1.1349
6.2884,1.1399
6.2889,1.1399
6.2896,1.1349
6.2901,1.1450
6.2907,1.1349
6.2912,1.1399
6.2918,1.1399
6.2923,1.1450
6.2929,1.1399
6.2934,1.1399
6.2940,1.1349
6.2945,1.1399
6.2951,1.1450
6.2956,1.1349
6.2961,1.1399
6.2967,1.1399
6.2972,1.1399
6.2978,1.1349
6.2983,1.1399
6.2989,1.1399
6.2994,1.1399
6.3000,1.1399
6.3005,1.1399
6.3011,1.1349
6.3016,1.1399
6.3022,1.1399
6.3027,1.1399
6.3032,1.1349
6.3038,1.1399
6.3043,1.1399
6.3049,1.1399
6.3054,1.1399
6.3060,1.1399
6.3065,1.1349
6.3071,1.1399
6.3076,1.1399
6.3082,1.1399
6.3087,1.1399
6.3093,1.1399
6.3098,1.1349
6.3104,1.1399
6.3109,1.1399
6.3115,1.1349
6.3120,1.1349
6.3126,1.1399
6.3131,1.1349
6.3137,1.1399
6.3142,1.1450
6.3148,1.1349
6.3153,1.1399
6.3159,1.1399
6.3164,1.1399
6.3170,1.1399
6.3175,1.1399
6.3181,1.1399
6.3186,1.1399
6.3192,1.1450
6.3197,1.1349
6.3203,1.1399
6.3208,1.1399
6.3214,1.1399
6.3219,1.1399
6.3225,1.1399
6.3230,1.1349
6.3236,1.1399
6.3241,1.1399
6.3247,1.1399
6.3252,1.1399
6.3258,1.1399
6.3263,1.1399
6.3269,1.1399
6.3275,1.1399
6.3280,1.1399
6.3286,1.1399
6.3291,1.1349
6.3297,1.1349
6.3302,1.1399
6.3308,1.1399
6.3313,1.1399
6.3319,1.1399
6.3324,1.1399
6.3330,1.1399
6.3335,1.1349
6.3341,1.1399
6.3346,1.1450
6.3352,1.1349
6.3357,1.1399
6.3363,1.1349
6.3368,1.1349
6.3374,1.1399
6.3379,1.1399
6.3385,1.1399
6.3390,1.1399
6.3396,1.1399
6.3401,1.1399
6.3407,1.1399
6.3412,1.1399
6.3418,1.1399
6.3423,1.1399
6.3429,1.1399
6.3434,1.1399
6.3440,1.1349
6.3445,1.1399
6.3451,1.1399
6.3456,1.1399
6.3462,1.1349
6.3467,1.1399
6.3473,1.1399
6.3478,1.1399
6.3484,1.1349
6.3489,1.1399
6.3495,1.1399
6.3500,1.1349
6.3506,1.1399
6.3511,1.1399
6.3517,1.1399
6.3522,1.1399
6.3528,1.1399
6.3533,1.1399
6.3539,1.1349
6.3544,1.1399
6.3550,1.1450
6.3555,1.1399
6.3561,1.1450
6.3566,1.1399
6.3572,1.1399
6.3577,1.1399
6.3583,1.1349
6.3588,1.1399
6.3594,1.1399
6.3599,1.1399
6.3605,1.1349
6.3610,1.1399
6.3616,1.1349
6.3621,1.1399
6.3627,1.1399
6.3632,1.1399
6.3638,1.1399
6.3643,1.1450
6.3649,1.1349
6.3654,1.1399
6.3659,1.1399
6.3665,1.1399
6.3670,1.1399
6.3676,1.1349
6.3681,1.1399
6.3687,1.1349
6.3692,1.1399
6.3698,1.1399
6.3703,1.1399
6.3709,1.1399
6.3714,1.1450
6.3720,1.1349
6.3725,1.1349
6.3731,1.1399
6.3736,1.1399
6.3742,1.1399
6.3747,1.1349
6.3753,1.1399
6.3758,1.1399
6.3764,1.1399
6.3769,1.1399
6.3775,1.1399
6.3780,1.1399
6.3786,1.1349
6.3791,1.1399
6.3797,1.1399
6.3802,1.1399
6.3808,1.1399
6.3813,1.1399
6.3819,1.1399
6.3824,1.1399
6.3830,1.1399
6.3836,1.1399
6.3841,1.1399
6.3847,1.1349
6.3852,1.1399
6.3858,1.1399
6.3863,1.1399
6.3869,1.1399
6.3874,1.1349
6.3880,1.1349
6.3885,1.1399
6.3891,1.1399
6.3896,1.1399
6.3902,1.1399
6.3907,1.1399
6.3913,1.1399
6.3918,1.1399
6.3924,1.1399
6.3929,1.1349
6.3935,1.1399
6.3940,1.1399
6.3946,1.1399
6.3951,1.1399
6.3957,1.1399
6.3962,1.1399
6.3968,1.1399
6.3973,1.1450
6.3979,1.1399
6.3984,1.1399
6.3990,1.1399
6.3995,1.1399
6.4001,1.1349
6.4006,1.1450
6.4012,1.1399
6.4017,1.1349
6.4023,1.1399
6.4028,1.1399
6.4034,1.1399
6.4039,1.1349
6.4045,1.1399
6.4050,1.1399
6.4056,1.1349
6.4061,1.1399
6.4067,1.1349
6.4072,1.1450
6.4078,1.1399
6.4083,1.1349
6.4089,1.1399
6.4094,1.1399
6.4100,1.1399
6.4105,1.1349
6.4111,1.1399
6.4116,1.1399
6.4122,1.1399
6.4127,1.1399
6.4133,1.1399
6.4138,1.1450
6.4144,1.1399
6.4149,1.1399
6.4155,1.1349
6.4160,1.1399
6.4165,1.1399
6.4171,1.1349
6.4176,1.1399
6.4182,1.1399
6.4187,1.1399
6.4193,1.1399
6.4199,1.1399
6.4204,1.1399
6.4210,1.1399
6.4215,1.1399
6.4221,1.1399
6.4226,1.1399
6.4232,1.1349
6.4237,1.1399
6.4243,1.1450
6.4248,1.1399
6.4254,1.1399
6.4259,1.1450
6.4265,1.1399
6.4270,1.1399
6.4276,1.1399
6.4281,1.1349
6.4287,1.1399
6.4292,1.1399
6.4298,1.1349
6.4303,1.1399
6.4309,1.1399
6.4314,1.1399
6.4320,1.1349
6.4325,1.1399
6.4331,1.1349
6.4336,1.1399
6.4342,1.1450
6.4347,1.1399
6.4353,1.1399
6.4358,1.1399
6.4364,1.1399
6.4369,1.1349
6.4375,1.1399
6.4380,1.1399
6.4386,1.1349
6.4391,1.1399
6.4397,1.1349
6.4402,1.1399
6.4408,1.1399
6.4413,1.1349
6.4419,1.1450
6.4424,1.1399
6.4430,1.1399
6.4435,1.1349
6.4441,1.1399
6.4446,1.1399
6.4452,1.1399
6.4457,1.1399
6.4463,1.1399
6.4468,1.1399
6.4474,1.1399
6.4479,1.1399
6.4485,1.1399
6.4490,1.1450
6.4496,1.1450
6.4501,1.1399
6.4507,1.1399
6.4512,1.1349
6.4518,1.1399
6.4523,1.1399
6.4529,1.1399
6.4534,1.1399
6.4540,1.1399
6.4545,1.1450
6.4551,1.1450
6.4556,1.1399
6.4562,1.1399
6.4567,1.1399
6.4573,1.1349
6.4578,1.1399
6.4584,1.1399
6.4589,1.1399
6.4595,1.1450
6.4600,1.1349
6.4606,1.1399
6.4611,1.1399
6.4617,1.1349
6.4622,1.1399
6.4628,1.1399
6.4633,1.1399
6.4639,1.1349
6.4644,1.1349
6.4650,1.1399
6.4655,1.1399
6.4661,1.1399
6.4666,1.1349
6.4672,1.1399
6.4677,1.1399
6.4683,1.1399
6.4688,1.1399
6.4694,1.1399
6.4699,1.1399
6.4705,1.1399
6.4710,1.1399
6.4716,1.1450
6.4721,1.1399
6.4727,1.1399
6.4732,1.1349
6.4738,1.1349
6.4743,1.1349
6.4749,1.1399
6.4754,1.1450
6.4760,1.1349
6.4765,1.1349
6.4771,1.1450
6.4776,1.1349
6.4782,1.1399
6.4787,1.1399
6.4793,1.1349
6.4798,1.1399
6.4804,1.1399
6.4809,1.1399
6.4815,1.1349
6.4820,1.1399
6.4826,1.1349
6.4831,1.1399
6.4837,1.1349
6.4842,1.1349
6.4848,1.1399
6.4853,1.1450
6.4859,1.1399
6.4864,1.1399
6.4870,1.1399
6.4875,1.1399
6.4881,1.1399
6.4886,1.1399
6.4892,1.1399
6.4897,1.1399
6.4903,1.1450
6.4908,1.1349
6.4914,1.1399
6.4919,1.1399
6.4925,1.1349
6.4930,1.1399
6.4936,1.1399
6.4941,1.1399
6.4947,1.1399
6.4952,1.1349
6.4958,1.1399
6.4963,1.1349
6.4969,1.1399
6.4974,1.1399
6.4980,1.1399
6.4985,1.1399
6.4991,1.1399
6.4996,1.1399
6.5002,1.1399
6.5007,1.1399
6.5013,1.1399
6.5018,1.1399
6.5024,1.1349
6.5029,1.1349
6.5035,1.1349
6.5040,1.1399
6.5046,1.1399
6.5051,1.1349
6.5057,1.1399
6.5062,1.1399
6.5068,1.1399
6.5073,1.1399
6.5079,1.1450
6.5084,1.1399
6.5090,1.1399
6.5095,1.1349
6.5101,1.1399
6.5106,1.1349
6.5112,1.1399
6.5117,1.1399
6.5123,1.1450
6.5128,1.1349
6.5134,1.1399
6.5139,1.1399
6.5145,1.1349
6.5150,1.1399
6.5156,1.1349
6.5161,1.1349
6.5167,1.1399
6.5172,1.1399
6.5178,1.1349
6.5183,1.1399
6.5189,1.1450
6.5194,1.1399
6.5200,1.1399
6.5205,1.1349
6.5211,1.1399
6.5217,1.1399
6.5222,1.1399
6.5228,1.1399
6.5233,1.1399
6.5239,1.1349
6.5244,1.1399
6.5250,1.1399
6.5255,1.1399
6.5261,1.1399
6.5266,1.1399
6.5272,1.1399
6.5277,1.1399
6.5283,1.1399
6.5288,1.1399
6.5294,1.1349
6.5299,1.1399
6.5305,1.1399
6.5310,1.1349
6.5316,1.1399
6.5321,1.1399
6.5327,1.1399
6.5332,1.1349
6.5338,1.1399
6.5343,1.1399
6.5349,1.1399
6.5354,1.1399
6.5360,1.1399
6.5365,1.1399
6.5371,1.1399
6.5376,1.1349
6.5382,1.1399
6.5387,1.1399
6.5393,1.1399
6.5398,1.1349
6.5404,1.1399
6.5409,1.1399
6.5415,1.1399
6.5420,1.1399
6.5426,1.1399
6.5431,1.1349
6.5437,1.1399
6.5442,1.1399
6.5448,1.1349
6.5453,1.1399
6.5459,1.1399
6.5464,1.1399
6.5470,1.1399
6.5475,1.1399
6.5481,1.1349
6.5486,1.1399
6.5492,1.1399
6.5497,1.1399
6.5503,1.1399
6.5508,1.1399
6.5514,1.1399
6.5519,1.1450
6.5525,1.1299
6.5530,1.1399
6.5536,1.1399
6.5541,1.1399
6.5547,1.1399
6.5552,1.1349
6.5558,1.1399
6.5563,1.1399
6.5569,1.1399
6.5574,1.1399
6.5580,1.1399
6.5585,1.1399
6.5591,1.1349
6.5596,1.1399
6.5602,1.1450
6.5607,1.1399
6.5613,1.1399
6.5618,1.1399
6.5624,1.1349
6.5629,1.1399
6.5635,1.1399
6.5640,1.1399
6.5646,1.1399
6.5651,1.1399
6.5657,1.1399
6.5662,1.1399
6.5668,1.1399
6.5673,1.1399
6.5679,1.1399
6.5684,1.1399
6.5690,1.1349
6.5695,1.1399
6.5701,1.1349
6.5706,1.1450
6.5712,1.1349
6.5717,1.1349
6.5723,1.1399
6.5728,1.1399
6.5734,1.1399
6.5739,1.1399
6.5745,1.1399
6.5750,1.1399
6.5756,1.1349
6.5761,1.1399
6.5767,1.1399
6.5772,1.1399
6.5778,1.1349
6.5783,1.1399
6.5789,1.1399
6.5794,1.1399
6.5800,1.1399
6.5805,1.1349
6.5811,1.1349
6.5816,1.1399
6.5822,1.1399
6.5827,1.1399
6.5833,1.1399
6.5838,1.1399
6.5844,1.1399
6.5849,1.1399
6.5855,1.1399
6.5860,1.1349
6.5866,1.1399
6.5871,1.1399
6.5877,1.1399
6.5882,1.1399
6.5888,1.1349
6.5893,1.1399
6.5899,1.1399
6.5904,1.1349
6.5910,1.1349
6.5916,1.1450
6.5921,1.1399
6.5927,1.1399
6.5932,1.1399
6.5938,1.1399
6.5943,1.1399
6.5949,1.1349
6.5954,1.1399
6.5960,1.1399
6.5965,1.1399
6.5971,1.1349
6.5976,1.1399
6.5982,1.1399
6.5987,1.1349
6.5993,1.1399
6.5998,1.1399
6.6004,1.1399
6.6009,1.1399
6.6015,1.1399
6.6020,1.1349
6.6026,1.1399
6.6031,1.1399
6.6037,1.1399
6.6042,1.1399
6.6048,1.1399
6.6053,1.1399
6.6059,1.1399
6.6064,1.1399
6.6070,1.1399
6.6075,1.1399
6.6081,1.1399
6.6086,1.1399
6.6092,1.1399
6.6097,1.1399
6.6103,1.1349
6.6108,1.1399
6.6114,1.1349
6.6119,1.1399
6.6125,1.1399
6.6130,1.1399
6.6136,1.1399
6.6141,1.1399
6.6147,1.1399
6.6152,1.1399
6.6158,1.1399
6.6163,1.1399
6.6169,1.1349
6.6174,1.1450
6.6180,1.1399
6.6185,1.1349
6.6191,1.1399
6.6196,1.1450
6.6202,1.1399
6.6207,1.1399
6.6213,1.1399
6.6218,1.1399
6.6224,1.1399
6.6229,1.1399
6.6235,1.1399
6.6240,1.1399
6.6246,1.1399
6.6251,1.1450
6.6257,1.1399
6.6262,1.1399
6.6268,1.1399
6.6273,1.1349
6.6279,1.1349
6.6285,1.1399
6.6291,1.1399
6.6297,1.1399
6.6302,1.1399
6.6308,1.1399
6.6314,1.1399
6.6320,1.1399
6.6325,1.1399
6.6331,1.1399
6.6336,1.1349
6.6342,1.1349
6.6348,1.1399
6.6353,1.1450
6.6359,1.1399
6.6364,1.1399
6.6370,1.1399
6.6375,1.1349
6.6381,1.1399
6.6386,1.1399
6.6392,1.1399
6.6398,1.1399
6.6404,1.1399
6.6409,1.1399
6.6415,1.1399
6.6420,1.1399
6.6426,1.1399
6.6432,1.1399
6.6437,1.1349
6.6443,1.1399
6.6448,1.1450
6.6454,1.1399
6.6460,1.1399
6.6466,1.1450
6.6473,1.1399
6.6479,1.1399
6.6484,1.1399
6.6493,1.1349
6.6499,1.1399
6.6504,1.1349
6.6510,1.1349
6.6516,1.1399
6.6521,1.1399
6.6527,1.1399
6.6533,1.1399
6.6539,1.1349
6.6544,1.1399
6.6550,1.1399
6.6555,1.1399
6.6561,1.1399
6.6566,1.1349
6.6572,1.1399
6.6578,1.1399
6.6583,1.1349
6.6589,1.1349
6.6594,1.1399
6.6600,1.1399
6.6605,1.1399
6.6611,1.1399
6.6616,1.1399
6.6622,1.1349
6.6627,1.1399
6.6633,1.1399
6.6638,1.1349
6.6644,1.1349
6.6649,1.1349
6.6655,1.1450
6.6660,1.1399
6.6665,1.1399
6.6671,1.1349
6.6676,1.1349
6.6682,1.1399
6.6687,1.1399
6.6693,1.1399
6.6698,1.1349
6.6703,1.1349
6.6709,1.1349
6.6714,1.1399
6.6720,1.1349
6.6725,1.1399
6.6731,1.1399
6.6736,1.1349
6.6742,1.1399
6.6747,1.1349
6.6753,1.1399
6.6758,1.1399
6.6764,1.1349
6.6769,1.1399
6.6775,1.1349
6.6780,1.1349
6.6785,1.1399
6.6791,1.1399
6.6796,1.1349
6.6802,1.1349
6.6807,1.1399
6.6813,1.1399
6.6818,1.1399
6.6823,1.1399
6.6829,1.1399
6.6834,1.1349
6.6840,1.1399
6.6845,1.1349
6.6851,1.1450
6.6856,1.1399
6.6862,1.1399
6.6867,1.1399
6.6873,1.1399
6.6878,1.1399
6.6884,1.1399
6.6889,1.1450
6.6895,1.1399
6.6900,1.1399
6.6906,1.1349
6.6911,1.1399
6.6917,1.1399
6.6922,1.1399
6.6928,1.1349
6.6933,1.1399
6.6939,1.1399
6.6944,1.1349
6.6949,1.1349
6.6955,1.1349
6.6960,1.1399
6.6966,1.1399
6.6971,1.1399
6.6977,1.1349
6.6982,1.1399
6.6987,1.1399
6.6993,1.1399
6.6998,1.1399
6.7004,1.1349
6.7010,1.1399
6.7015,1.1399
6.7020,1.1399
6.7026,1.1399
6.7031,1.1399
6.7037,1.1399
6.7042,1.1349
6.7048,1.1399
6.7053,1.1399
6.7058,1.1399
6.7064,1.1399
6.7069,1.1399
6.7075,1.1399
6.7080,1.1399
6.7086,1.1399
6.7091,1.1399
6.7096,1.1399
6.7102,1.1399
6.7107,1.1399
6.7113,1.1399
6.7118,1.1399
6.7124,1.1399
6.7129,1.1399
6.7134,1.1399
6.7140,1.1399
6.7145,1.1399
6.7151,1.1399
6.7157,1.1399
6.7162,1.1399
6.7168,1.1399
6.7173,1.1399
6.7179,1.1349
6.7184,1.1399
6.7190,1.1399
6.7195,1.1399
6.7201,1.1399
6.7206,1.1399
6.7211,1.1399
6.7217,1.1399
6.7222,1.1349
6.7228,1.1349
6.7233,1.1399
6.7239,1.1399
6.7244,1.1399
6.7250,1.1399
6.7255,1.1399
6.7261,1.1399
6.7266,1.1349
6.7272,1.1399
6.7277,1.1450
6.7282,1.1349
6.7288,1.1399
6.7293,1.1399
6.7299,1.1349
6.7304,1.1399
6.7310,1.1399
6.7316,1.1450
6.7321,1.1399
6.7327,1.1399
6.7332,1.1399
6.7337,1.1399
6.7343,1.1399
6.7348,1.1399
6.7354,1.1349
6.7359,1.1399
6.7365,1.1399
6.7370,1.1399
6.7376,1.1399
6.7381,1.1399
6.7387,1.1399
6.7392,1.1399
6.7398,1.1349
6.7403,1.1399
6.7409,1.1399
6.7414,1.1399
6.7419,1.1399
6.7425,1.1399
6.7430,1.1349
6.7436,1.1399
6.7441,1.1399
6.7447,1.1399
6.7452,1.1399
6.7458,1.1349
6.7463,1.1399
6.7469,1.1399
6.7474,1.1399
6.7480,1.1349
6.7485,1.1399
6.7491,1.1349
6.7496,1.1399
6.7501,1.1399
6.7510,1.1399
6.7516,1.1399
6.7521,1.1399
6.7526,1.1399
6.7532,1.1349
6.7537,1.1450
6.7543,1.1349
6.7548,1.1399
6.7554,1.1450
6.7559,1.1399
6.7565,1.1399
6.7570,1.1399
6.7575,1.1450
6.7581,1.1349
6.7586,1.1399
6.7592,1.1399
6.7597,1.1399
6.7603,1.1399
6.7608,1.1399
6.7614,1.1399
6.7619,1.1349
6.7624,1.1349
6.7630,1.1399
6.7635,1.1399
6.7641,1.1450
6.7646,1.1399
6.7652,1.1399
6.7657,1.1399
6.7662,1.1399
6.7668,1.1399
6.7673,1.1349
6.7679,1.1399
6.7684,1.1349
6.7690,1.1399
6.7695,1.1399
6.7701,1.1399
6.7706,1.1399
6.7711,1.1399
6.7717,1.1399
6.7722,1.1349
6.7728,1.1399
6.7733,1.1349
6.7739,1.1399
6.7744,1.1399
6.7749,1.1349
6.7755,1.1399
6.7760,1.1349
6.7766,1.1399
6.7771,1.1399
6.7777,1.1399
6.7782,1.1349
6.7787,1.1450
6.7793,1.1399
6.7799,1.1399
6.7805,1.1399
6.7810,1.1349
6.7815,1.1399
6.7821,1.1399
6.7826,1.1399
6.7832,1.1399
6.7837,1.1399
6.7843,1.1399
6.7848,1.1349
6.7854,1.1349
6.7859,1.1399
6.7865,1.1399
6.7870,1.1399
6.7876,1.1399
6.7881,1.1399
6.7886,1.1399
6.7892,1.1349
6.7897,1.1399
6.7903,1.1399
6.7908,1.1399
6.7914,1.1399
6.7919,1.1399
6.7924,1.1399
6.7930,1.1450
6.7935,1.1399
6.7947,1.1349
6.7952,1.1349
6.7958,1.1399
6.7963,1.1399
6.7968,1.1399
6.7974,1.1399
6.7979,1.1349
6.7985,1.1399
6.7990,1.1399
6.7996,1.1399
6.8001,1.1399
6.8006,1.1399
6.8012,1.1399
6.8018,1.1349
6.8023,1.1399
6.8029,1.1399
6.8034,1.1399
6.8040,1.1399
6.8045,1.1349
6.8050,1.1399
6.8056,1.1399
6.8061,1.1399
6.8067,1.1399
6.8072,1.1399
6.8078,1.1349
6.8083,1.1450
6.8089,1.1349
6.8094,1.1399
6.8100,1.1349
6.8105,1.1399
6.8111,1.1399
6.8116,1.1450
6.8122,1.1399
6.8127,1.1399
6.8133,1.1399
6.8138,1.1399
6.8143,1.1399
6.8149,1.1399
6.8154,1.1399
6.8160,1.1399
6.8165,1.1349
6.8171,1.1399
6.8176,1.1399
6.8182,1.1349
6.8187,1.1399
6.8193,1.1399
6.8198,1.1399
6.8204,1.1399
6.8209,1.1349
6.8214,1.1399
6.8220,1.1399
6.8225,1.1450
6.8231,1.1399
6.8236,1.1399
6.8242,1.1399
6.8247,1.1399
6.8253,1.1399
6.8258,1.1399
6.8264,1.1399
6.8269,1.1399
6.8275,1.1399
6.8280,1.1399
6.8286,1.1399
6.8291,1.1399
6.8296,1.1349
6.8302,1.1399
6.8307,1.1399
6.8313,1.1399
6.8318,1.1399
6.8324,1.1399
6.8329,1.1399
6.8335,1.1299
6.8340,1.1349
6.8346,1.1399
6.8351,1.1399
6.8357,1.1399
6.8362,1.1399
6.8368,1.1399
6.8373,1.1349
6.8378,1.1349
6.8384,1.1399
6.8389,1.1450
6.8395,1.1349
6.8400,1.1349
6.8406,1.1399
6.8411,1.1450
6.8417,1.1349
6.8422,1.1399
6.8428,1.1399
6.8433,1.1399
6.8439,1.1399
6.8444,1.1399
6.8450,1.1399
6.8455,1.1399
6.8460,1.1349
6.8466,1.1349
6.8471,1.1349
6.8477,1.1399
6.8482,1.1399
6.8488,1.1399
6.8493,1.1399
6.8499,1.1399
6.8504,1.1399
6.8510,1.1399
6.8515,1.1450
6.8521,1.1399
6.8526,1.1399
6.8532,1.1349
6.8537,1.1399
6.8542,1.1349
6.8551,1.1399
6.8558,1.1349
6.8564,1.1399
6.8571,1.1349
6.8577,1.1450
6.8583,1.1399
6.8589,1.1399
6.8595,1.1399
6.8600,1.1399
6.8606,1.1399
6.8612,1.1349
6.8618,1.1399
6.8624,1.1399
6.8630,1.1399
6.8635,1.1399
6.8642,1.1349
6.8648,1.1399
6.8654,1.1349
6.8660,1.1450
6.8670,1.1399
6.8675,1.1450
6.8681,1.1399
6.8686,1.1399
6.8692,1.1399
6.8697,1.1399
6.8703,1.1399
6.8708,1.1399
6.8713,1.1399
6.8719,1.1349
6.8724,1.1399
6.8730,1.1399
6.8740,1.1399
6.8745,1.1349
6.8751,1.1399
6.8756,1.1399
6.8762,1.1399
6.8767,1.1399
6.8773,1.1349
6.8778,1.1399
6.8784,1.1399
6.8789,1.1450
6.8794,1.1399
6.8800,1.1399
6.8805,1.1349
6.8811,1.1399
6.8816,1.1399
6.8822,1.1399
6.8827,1.1399
6.8832,1.1399
6.8838,1.1399
6.8843,1.1399
6.8849,1.1399
6.8854,1.1399
6.8860,1.1399
6.8865,1.1399
6.8871,1.1399
6.8876,1.1349
6.8882,1.1349
6.8887,1.1349
6.8893,1.1399
6.8898,1.1349
6.8904,1.1399
6.8909,1.1349
6.8915,1.1399
6.8920,1.1399
6.8926,1.1399
6.8931,1.1399
6.8936,1.1450
6.8942,1.1399
6.8947,1.1399
6.8953,1.1349
6.8958,1.1450
6.8964,1.1399
6.8969,1.1399
6.8974,1.1349
6.8980,1.1399
6.8985,1.1349
6.8991,1.1399
6.8996,1.1349
6.9002,1.1349
6.9007,1.1399
6.9012,1.1349
6.9018,1.1399
6.9023,1.1399
6.9029,1.1349
6.9034,1.1450
6.9040,1.1349
6.9045,1.1349
6.9051,1.1399
6.9056,1.1399
6.9061,1.1399
6.9067,1.1399
6.9072,1.1349
6.9078,1.1399
6.9083,1.1349
6.9089,1.1399
6.9094,1.1349
6.9100,1.1399
6.9106,1.1399
6.9111,1.1399
6.9117,1.1349
6.9122,1.1399
6.9128,1.1399
6.9133,1.1450
6.9138,1.1349
6.9144,1.1399
6.9149,1.1450
6.9155,1.1399
6.9160,1.1450
6.9166,1.1349
6.9171,1.1399
6.9176,1.1399
6.9182,1.1399
6.9187,1.1399
6.9193,1.1349
6.9198,1.1399
6.9204,1.1349
6.9209,1.1399
6.9214,1.1349
6.9220,1.1399
6.9225,1.1399
6.9231,1.1399
6.9236,1.1349
6.9242,1.1399
6.9247,1.1399
6.9252,1.1399
6.9258,1.1399
6.9263,1.1399
6.9269,1.1399
6.9274,1.1399
6.9280,1.1349
6.9285,1.1399
6.9290,1.1349
6.9296,1.1399
6.9301,1.1399
6.9307,1.1399
6.9312,1.1399
6.9318,1.1349
6.9323,1.1399
6.9329,1.1399
6.9334,1.1399
6.9340,1.1399
6.9345,1.1450
6.9351,1.1399
6.9356,1.1349
6.9361,1.1399
6.9367,1.1399
6.9372,1.1450
6.9378,1.1399
6.9383,1.1399
6.9389,1.1349
6.9394,1.1399
6.9400,1.1299
6.9405,1.1349
6.9411,1.1399
6.9416,1.1399
6.9422,1.1450
6.9427,1.1399
6.9433,1.1399
6.9438,1.1399
6.9444,1.1399
6.9449,1.1399
6.9454,1.1399
6.9460,1.1399
6.9465,1.1399
6.9471,1.1349
6.9476,1.1399
6.9482,1.1349
6.9487,1.1399
6.9493,1.1450
6.9498,1.1399
6.9507,1.1349
6.9513,1.1399
6.9518,1.1399
6.9523,1.1399
6.9529,1.1450
6.9534,1.1399
6.9540,1.1399
6.9545,1.1399
6.9551,1.1399
6.9556,1.1399
6.9562,1.1349
6.9567,1.1349
6.9572,1.1399
6.9578,1.1399
6.9583,1.1399
6.9589,1.1399
6.9594,1.1399
6.9600,1.1349
6.9605,1.1399
6.9610,1.1399
6.9616,1.1349
6.9621,1.1399
6.9627,1.1399
6.9632,1.1399
6.9638,1.1399
6.9643,1.1399
6.9648,1.1399
6.9654,1.1349
6.9659,1.1349
6.9665,1.1399
6.9670,1.1399
6.9676,1.1399
6.9681,1.1399
6.9686,1.1399
6.9692,1.1349
6.9697,1.1399
6.9703,1.1399
6.9708,1.1349
6.9714,1.1399
6.9719,1.1349
6.9725,1.1399
6.9730,1.1399
6.9736,1.1349
6.9741,1.1399
6.9746,1.1399
6.9752,1.1299
6.9757,1.1349
6.9763,1.1450
6.9768,1.1399
6.9774,1.1399
6.9779,1.1399
6.9784,1.1349
6.9790,1.1450
6.9795,1.1399
6.9801,1.1399
6.9806,1.1399
6.9812,1.1450
6.9817,1.1399
6.9822,1.1349
6.9828,1.1399
6.9833,1.1349
6.9839,1.1399
6.9844,1.1399
6.9850,1.1399
6.9855,1.1349
6.9860,1.1349
6.9866,1.1399
6.9872,1.1399
6.9877,1.1399
6.9882,1.1399
6.9888,1.1450
6.9893,1.1399
6.9899,1.1349
6.9905,1.1399
6.9910,1.1349
6.9915,1.1399
6.9921,1.1349
6.9926,1.1349
6.9932,1.1399
6.9937,1.1399
6.9943,1.1399
6.9948,1.1399
6.9954,1.1399
6.9959,1.1399
6.9965,1.1399
6.9970,1.1399
6.9976,1.1399
6.9981,1.1399
6.9987,1.1399
6.9992,1.1399
6.9997,1.1399
7.0003,1.1399
7.0008,1.1349
7.0014,1.1349
7.0019,1.1399
7.0025,1.1399
7.0030,1.1399
7.0036,1.1399
7.0041,1.1399
7.0047,1.1399
7.0052,1.1399
7.0058,1.1399
7.0063,1.1399
7.0069,1.1399
7.0074,1.1399
7.0080,1.1399
7.0085,1.1399
7.0091,1.1399
7.0096,1.1399
7.0102,1.1349
7.0107,1.1349
7.0113,1.1399
7.0118,1.1399
7.0124,1.1349
7.0129,1.1399
7.0135,1.1399
7.0140,1.1349
7.0146,1.1399
7.0151,1.1450
7.0157,1.1399
7.0162,1.1399
7.0167,1.1349
7.0173,1.1399
7.0178,1.1349
7.0184,1.1399
7.0189,1.1349
7.0195,1.1399
7.0200,1.1399
7.0206,1.1399
7.0211,1.1399
7.0217,1.1399
7.0222,1.1450
7.0228,1.1399
7.0233,1.1399
7.0239,1.1349
7.0244,1.1399
7.0249,1.1349
7.0255,1.1399
7.0260,1.1399
7.0266,1.1349
7.0271,1.1399
7.0277,1.1399
7.0282,1.1399
7.0288,1.1399
7.0293,1.1349
7.0299,1.1399
7.0304,1.1349
7.0310,1.1399
7.0315,1.1399
7.0321,1.1399
7.0326,1.1399
7.0331,1.1399
7.0337,1.1349
7.0342,1.1399
7.0348,1.1450
7.0353,1.1399
7.0359,1.1399
7.0364,1.1399
7.0370,1.1399
7.0375,1.1450
7.0381,1.1349
7.0386,1.1349
7.0392,1.1399
7.0397,1.1399
7.0403,1.1399
7.0408,1.1399
7.0414,1.1399
7.0419,1.1399
7.0424,1.1299
7.0430,1.1399
7.0435,1.1349
7.0441,1.1399
7.0446,1.1399
7.0452,1.1450
7.0457,1.1349
7.0462,1.1399
7.0468,1.1349
7.0473,1.1399
7.0479,1.1399
7.0484,1.1349
7.0490,1.1399
7.0495,1.1349
7.0500,1.1399
7.0506,1.1349
7.0511,1.1399
7.0517,1.1399
7.0522,1.1399
7.0528,1.1399
7.0533,1.1349
7.0539,1.1399
7.0544,1.1399
7.0549,1.1399
7.0555,1.1399
7.0560,1.1399
7.0566,1.1399
7.0571,1.1349
7.0577,1.1399
7.0582,1.1399
7.0587,1.1399
7.0593,1.1399
7.0598,1.1349
7.0604,1.1399
7.0609,1.1399
7.0615,1.1399
7.0620,1.1349
7.0626,1.1399
7.0631,1.1399
7.0637,1.1399
7.0642,1.1399
7.0647,1.1399
7.0653,1.1399
7.0658,1.1399
7.0664,1.1450
7.0669,1.1399
7.0675,1.1399
7.0680,1.1450
7.0686,1.1399
7.0691,1.1399
7.0696,1.1399
7.0702,1.1399
7.0707,1.1450
7.0713,1.1399
7.0718,1.1399
7.0724,1.1399
7.0729,1.1399
7.0734,1.1399
7.0740,1.1450
7.0745,1.1349
7.0751,1.1399
7.0756,1.1399
7.0762,1.1399
7.0767,1.1399
7.0772,1.1399
7.0778,1.1349
7.0783,1.1399
7.0789,1.1349
7.0794,1.1349
7.0800,1.1399
7.0805,1.1399
7.0810,1.1399
7.0816,1.1399
7.0822,1.1399
7.0827,1.1349
7.0832,1.1399
7.0838,1.1399
7.0843,1.1349
7.0849,1.1399
7.0854,1.1399
7.0860,1.1349
7.0865,1.1399
7.0870,1.1450
7.0876,1.1399
7.0882,1.1399
7.0887,1.1349
7.0892,1.1399
7.0898,1.1399
7.0903,1.1399
7.0909,1.1399
7.0914,1.1399
7.0920,1.1399
7.0925,1.1349
7.0930,1.1399
7.0936,1.1399
7.0941,1.1399
7.0947,1.1349
7.0952,1.1349
7.0958,1.1399
7.0963,1.1399
7.0968,1.1399
7.0974,1.1399
7.0979,1.1399
7.0985,1.1399
7.0990,1.1450
7.0996,1.1399
7.1001,1.1399
7.1007,1.1349
7.1012,1.1399
7.1017,1.1399
7.1023,1.1399
7.1028,1.1399
7.1034,1.1399
7.1039,1.1399
7.1045,1.1349
7.1050,1.1399
7.1056,1.1349
7.1061,1.1399
7.1067,1.1399
7.1072,1.1349
7.1078,1.1349
7.1083,1.1450
7.1088,1.1349
7.1094,1.1399
7.1099,1.1450
7.1105,1.1399
7.1110,1.1399
7.1116,1.1399
7.1121,1.1349
7.1127,1.1399
7.1132,1.1399
7.1138,1.1399
7.1143,1.1399
7.1149,1.1399
7.1154,1.1399
7.1160,1.1399
7.1165,1.1399
7.1171,1.1399
7.1176,1.1399
7.1181,1.1349
7.1187,1.1349
7.1192,1.1399
7.1198,1.1399
7.1203,1.1349
7.1209,1.1399
7.1214,1.1399
7.1220,1.1399
7.1225,1.1399
7.1231,1.1399
7.1236,1.1399
7.1242,1.1399
7.1247,1.1349
7.1252,1.1399
7.1258,1.1399
7.1263,1.1399
7.1269,1.1399
7.1276,1.1399
7.1282,1.1399
7.1288,1.1399
7.1294,1.1349
7.1300,1.1399
7.1305,1.1450
7.1311,1.1399
7.1317,1.1399
7.1322,1.1399
7.1328,1.1399
7.1333,1.1349
7.1339,1.1399
7.1345,1.1349
7.1351,1.1349
7.1356,1.1399
7.1362,1.1399
7.1367,1.1399
7.1373,1.1399
7.1378,1.1349
7.1384,1.1399
7.1389,1.1399
7.1395,1.1450
7.1400,1.1399
7.1406,1.1450
7.1412,1.1399
7.1418,1.1399
7.1423,1.1399
7.1429,1.1349
7.1434,1.1399
7.1440,1.1399
7.1446,1.1349
7.1452,1.1399
7.1458,1.1399
7.1464,1.1399
7.1469,1.1399
7.1476,1.1399
7.1482,1.1349
7.1487,1.1349
7.1493,1.1399
7.1499,1.1349
7.1506,1.1399
7.1511,1.1399
7.1518,1.1399
7.1525,1.1399
7.1530,1.1349
7.1536,1.1399
7.1541,1.1349
7.1547,1.1349
7.1552,1.1399
7.1558,1.1399
7.1563,1.1399
7.1569,1.1349
7.1574,1.1349
7.1580,1.1399
7.1585,1.1349
7.1591,1.1450
7.1596,1.1399
7.1602,1.1399
7.1607,1.1399
7.1613,1.1399
7.1618,1.1349
7.1623,1.1399
7.1629,1.1399
7.1634,1.1399
7.1640,1.1349
7.1645,1.1399
7.1651,1.1399
7.1656,1.1399
7.1661,1.1399
7.1667,1.1399
7.1672,1.1399
7.1678,1.1450
7.1683,1.1349
7.1689,1.1399
7.1694,1.1349
7.1700,1.1399
7.1705,1.1399
7.1710,1.1399
7.1716,1.1399
7.1721,1.1399
7.1727,1.1450
7.1732,1.1349
7.1738,1.1399
7.1743,1.1399
7.1749,1.1399
7.1754,1.1399
7.1759,1.1349
7.1765,1.1399
7.1770,1.1399
7.1776,1.1399
7.1781,1.1399
7.1787,1.1399
7.1792,1.1399
7.1797,1.1399
7.1803,1.1399
7.1808,1.1399
7.1814,1.1399
7.1819,1.1349
7.1825,1.1349
7.1830,1.1399
7.1835,1.1399
7.1841,1.1399
7.1846,1.1299
7.1852,1.1399
7.1857,1.1399
7.1863,1.1349
7.1868,1.1349
7.1873,1.1399
7.1880,1.1399
7.1885,1.1399
7.1891,1.1399
7.1896,1.1399
7.1902,1.1399
7.1907,1.1399
7.1913,1.1349
7.1918,1.1349
7.1923,1.1399
7.1929,1.1349
7.1934,1.1399
7.1939,1.1399
7.1945,1.1349
7.1950,1.1399
7.1956,1.1399
7.1961,1.1349
7.1966,1.1399
7.1972,1.1399
7.1977,1.1399
7.1982,1.1399
7.1988,1.1349
7.1993,1.1399
7.1999,1.1399
7.2004,1.1349
7.2010,1.1349
7.2015,1.1349
7.2020,1.1399
7.2026,1.1349
7.2031,1.1399
7.2036,1.1399
7.2042,1.1349
7.2047,1.1399
7.2053,1.1349
7.2058,1.1399
7.2063,1.1349
7.2069,1.1399
7.2074,1.1349
7.2079,1.1450
7.2085,1.1399
7.2090,1.1399
7.2096,1.1450
7.2101,1.1349
7.2106,1.1399
7.2112,1.1349
7.2117,1.1349
7.2122,1.1299
7.2128,1.1399
7.2133,1.1349
7.2139,1.1450
7.2144,1.1399
7.2149,1.1399
7.2155,1.1399
7.2160,1.1349
7.2165,1.1399
7.2171,1.1399
7.2176,1.1399
7.2182,1.1399
7.2187,1.1399
7.2192,1.1399
7.2198,1.1399
7.2203,1.1399
7.2209,1.1399
7.2214,1.1399
7.2220,1.1349
7.2225,1.1399
7.2231,1.1399
7.2236,1.1399
7.2241,1.1349
7.2247,1.1399
7.2252,1.1349
7.2258,1.1399
7.2263,1.1349
7.2268,1.1450
7.2274,1.1399
7.2279,1.1349
7.2285,1.1399
7.2290,1.1399
7.2295,1.1399
7.2301,1.1399
7.2306,1.1399
7.2312,1.1349
7.2317,1.1399
7.2323,1.1349
7.2328,1.1399
7.2333,1.1399
7.2339,1.1399
7.2344,1.1399
7.2350,1.1399
7.2355,1.1349
7.2360,1.1399
7.2366,1.1399
7.2371,1.1349
7.2377,1.1399
7.2382,1.1349
7.2387,1.1399
7.2393,1.1450
7.2398,1.1399
7.2404,1.1349
7.2409,1.1399
7.2414,1.1349
7.2420,1.1399
7.2425,1.1349
7.2431,1.1399
7.2436,1.1399
7.2441,1.1399
7.2447,1.1450
7.2452,1.1349
7.2458,1.1399
7.2463,1.1349
7.2468,1.1399
7.2474,1.1349
7.2479,1.1399
7.2485,1.1399
7.2490,1.1399
7.2495,1.1399
7.2501,1.1399
7.2506,1.1349
7.2512,1.1399
7.2517,1.1349
7.2523,1.1399
7.2528,1.1349
7.2533,1.1399
7.2539,1.1399
7.2544,1.1399
7.2550,1.1399
7.2555,1.1399
7.2560,1.1399
7.2566,1.1399
7.2571,1.1399
7.2577,1.1399
7.2582,1.1349
7.2587,1.1349
7.2593,1.1450
7.2598,1.1349
7.2604,1.1399
7.2609,1.1399
7.2614,1.1399
7.2620,1.1399
7.2625,1.1399
7.2631,1.1399
7.2636,1.1349
7.2641,1.1399
7.2647,1.1399
7.2652,1.1399
7.2658,1.1349
7.2663,1.1399
7.2668,1.1399
7.2674,1.1349
7.2679,1.1399
7.2685,1.1349
7.2690,1.1399
7.2695,1.1399
7.2701,1.1349
7.2706,1.1399
7.2712,1.1399
7.2717,1.1399
7.2723,1.1399
7.2728,1.1349
7.2733,1.1399
7.2739,1.1399
7.2744,1.1399
7.2750,1.1399
7.2755,1.1349
7.2760,1.1399
7.2766,1.1399
7.2771,1.1399
7.2777,1.1399
7.2782,1.1349
7.2787,1.1399
7.2793,1.1399
7.2798,1.1349
7.2804,1.1399
7.2809,1.1399
7.2814,1.1349
7.2820,1.1349
7.2825,1.1349
7.2831,1.1399
7.2836,1.1349
7.2841,1.1349
7.2847,1.1399
7.2852,1.1399
7.2858,1.1349
7.2863,1.1450
7.2868,1.1349
7.2874,1.1399
7.2880,1.1399
7.2886,1.1349
7.2891,1.1349
7.2897,1.1399
7.2902,1.1399
7.2908,1.1399
7.2913,1.1399
7.2919,1.1399
7.2924,1.1399
7.2930,1.1399
7.2935,1.1349
7.2940,1.1399
7.2946,1.1399
7.2951,1.1399
7.2957,1.1349
7.2962,1.1399
7.2968,1.1349
7.2973,1.1349
7.2979,1.1399
7.2984,1.1399
7.2990,1.1399
7.2995,1.1399
7.3001,1.1399
7.3006,1.1399
7.3011,1.1349
7.3017,1.1450
7.3022,1.1399
7.3028,1.1349
7.3033,1.1399
7.3039,1.1399
7.3044,1.1399
7.3050,1.1399
7.3055,1.1399
7.3061,1.1450
7.3066,1.1399
7.3072,1.1349
7.3077,1.1399
7.3083,1.1349
7.3088,1.1399
7.3093,1.1399
7.3099,1.1399
7.3104,1.1399
7.3110,1.1399
7.3115,1.1399
7.3121,1.1399
7.3126,1.1399
7.3132,1.1399
7.3137,1.1399
7.3143,1.1399
7.3148,1.1349
7.3154,1.1349
7.3159,1.1450
7.3164,1.1349
7.3170,1.1399
7.3175,1.1399
7.3181,1.1349
7.3186,1.1399
7.3192,1.1399
7.3197,1.1399
7.3203,1.1399
7.3208,1.1349
7.3214,1.1349
7.3219,1.1399
7.3225,1.1349
7.3230,1.1399
7.3236,1.1349
7.3241,1.1399
7.3246,1.1349
7.3252,1.1349
7.3257,1.1399
7.3263,1.1450
7.3268,1.1399
7.3274,1.1399
7.3279,1.1399
7.3285,1.1399
7.3290,1.1349
7.3296,1.1399
7.3301,1.1349
7.3307,1.1399
7.3312,1.1399
7.3318,1.1399
7.3323,1.1349
7.3328,1.1399
7.3334,1.1349
7.3339,1.1450
7.3345,1.1399
7.3350,1.1399
7.3356,1.1399
7.3361,1.1399
7.3367,1.1399
7.3372,1.1399
7.3378,1.1399
7.3383,1.1399
7.3389,1.1399
7.3394,1.1399
7.3400,1.1399
7.3405,1.1399
7.3410,1.1399
7.3416,1.1349
7.3421,1.1399
7.3427,1.1399
7.3432,1.1399
7.3438,1.1349
7.3443,1.1349
7.3449,1.1399
7.3454,1.1399
7.3460,1.1349
7.3465,1.1399
7.3471,1.1399
7.3476,1.1349
7.3481,1.1399
7.3487,1.1399
7.3492,1.1399
7.3498,1.1399
7.3503,1.1399
7.3509,1.1399
7.3514,1.1349
7.3524,1.1349
7.3529,1.1399
7.3535,1.1399
7.3540,1.1399
7.3546,1.1399
7.3551,1.1399
7.3556,1.1349
7.3562,1.1399
7.3567,1.1349
7.3573,1.1399
7.3578,1.1399
7.3584,1.1399
7.3589,1.1399
7.3594,1.1399
7.3600,1.1399
7.3606,1.1399
7.3611,1.1349
7.3616,1.1349
7.3622,1.1349
7.3627,1.1399
7.3633,1.1349
7.3638,1.1399
7.3644,1.1399
7.3649,1.1349
7.3654,1.1399
7.3660,1.1349
7.3665,1.1349
7.3671,1.1349
7.3676,1.1349
7.3682,1.1349
7.3687,1.1399
7.3693,1.1399
7.3698,1.1399
7.3703,1.1399
7.3709,1.1399
7.3714,1.1349
7.3720,1.1399
7.3725,1.1349
7.3731,1.1399
7.3736,1.1399
7.3741,1.1399
7.3747,1.1399
7.3752,1.1399
7.3758,1.1399
7.3763,1.1399
7.3769,1.1399
7.3774,1.1399
7.3779,1.1399
7.3785,1.1399
7.3790,1.1399
7.3796,1.1349
7.3801,1.1399
7.3807,1.1399
7.3812,1.1349
7.3817,1.1399
7.3823,1.1399
7.3828,1.1349
7.3834,1.1399
7.3839,1.1399
7.3845,1.1349
7.3850,1.1399
7.3855,1.1399
7.3861,1.1399
7.3866,1.1399
7.3872,1.1399
7.3877,1.1349
7.3883,1.1399
7.3888,1.1399
7.3894,1.1349
7.3899,1.1349
7.3905,1.1349
7.3910,1.1349
7.3916,1.1349
7.3921,1.1399
7.3927,1.1399
7.3932,1.1399
7.3938,1.1399
7.3943,1.1399
7.3948,1.1349
7.3954,1.1349
7.3959,1.1399
7.3965,1.1299
7.3970,1.1349
7.3976,1.1399
7.3981,1.1450
7.3987,1.1399
7.3992,1.1399
7.3998,1.1399
7.4003,1.1399
7.4009,1.1399
7.4014,1.1399
7.4019,1.1399
7.4025,1.1399
7.4030,1.1399
7.4036,1.1399
7.4041,1.1399
7.4047,1.1399
7.4052,1.1450
7.4058,1.1399
7.4063,1.1399
7.4069,1.1399
7.4074,1.1349
7.4080,1.1349
7.4085,1.1399
7.4090,1.1349
7.4096,1.1399
7.4101,1.1399
7.4107,1.1399
7.4112,1.1399
7.4118,1.1399
7.4123,1.1399
7.4129,1.1399
7.4134,1.1399
7.4140,1.1399
7.4145,1.1399
7.4151,1.1399
7.4156,1.1399
7.4162,1.1399
7.4167,1.1399
7.4172,1.1399
7.4178,1.1399
7.4183,1.1399
7.4189,1.1399
7.4194,1.1399
7.4200,1.1399
7.4205,1.1399
7.4211,1.1399
7.4216,1.1399
7.4222,1.1399
7.4227,1.1399
7.4233,1.1399
7.4238,1.1399
7.4243,1.1399
7.4249,1.1349
7.4254,1.1399
7.4260,1.1399
7.4265,1.1349
7.4271,1.1399
7.4276,1.1399
7.4282,1.1399
7.4287,1.1399
7.4293,1.1399
7.4298,1.1399
7.4304,1.1399
7.4310,1.1399
7.4315,1.1399
7.4320,1.1399
7.4326,1.1349
7.4331,1.1399
7.4337,1.1349
7.4342,1.1399
7.4348,1.1399
7.4353,1.1399
7.4359,1.1399
7.4364,1.1399
7.4370,1.1349
7.4376,1.1399
7.4381,1.1399
7.4386,1.1349
7.4392,1.1399
7.4397,1.1399
7.4403,1.1399
7.4408,1.1399
7.4414,1.1349
7.4419,1.1399
7.4425,1.1399
7.4430,1.1349
7.4436,1.1399
7.4441,1.1399
7.4447,1.1399
7.4452,1.1399
7.4458,1.1349
7.4463,1.1399
7.4469,1.1399
7.4474,1.1399
7.4479,1.1349
7.4485,1.1349
7.4490,1.1399
7.4496,1.1399
7.4501,1.1349
7.4507,1.1399
7.4512,1.1399
7.4518,1.1399
7.4523,1.1399
7.4529,1.1349
7.4534,1.1399
7.4539,1.1349
7.4545,1.1399
7.4551,1.1399
7.4557,1.1399
7.4563,1.1399
7.4569,1.1349
7.4576,1.1399
7.4582,1.1399
7.4588,1.1399
7.4594,1.1399
7.4599,1.1349
7.4605,1.1349
7.4611,1.1399
7.4616,1.1349
7.4622,1.1399
7.4628,1.1399
7.4634,1.1399
7.4640,1.1399
7.4645,1.1399
7.4651,1.1349
7.4657,1.1349
7.4663,1.1450
7.4668,1.1349
7.4674,1.1349
7.4679,1.1349
7.4684,1.1399
7.4690,1.1349
7.4695,1.1399
7.4701,1.1399
7.4706,1.1399
7.4712,1.1399
7.4717,1.1450
7.4723,1.1399
7.4728,1.1399
7.4734,1.1399
7.4739,1.1399
7.4745,1.1399
7.4751,1.1399
7.4756,1.1399
7.4762,1.1399
7.4767,1.1349
7.4773,1.1399
7.4778,1.1399
7.4784,1.1399
7.4789,1.1399
7.4795,1.1399
7.4800,1.1399
7.4806,1.1399
7.4811,1.1399
7.4817,1.1399
7.4822,1.1349
7.4827,1.1399
7.4833,1.1399
7.4838,1.1399
7.4844,1.1399
7.4849,1.1399
7.4855,1.1399
7.4860,1.1349
7.4866,1.1349
7.4871,1.1399
7.4877,1.1399
7.4882,1.1399
7.4888,1.1399
7.4893,1.1349
7.4899,1.1349
7.4905,1.1399
7.4910,1.1349
7.4916,1.1399
7.4921,1.1399
7.4927,1.1399
7.4932,1.1450
7.4938,1.1399
7.4943,1.1349
7.4949,1.1399
7.4954,1.1349
7.4959,1.1399
7.4965,1.1399
7.4970,1.1349
7.4976,1.1399
7.4981,1.1349
7.4987,1.1399
7.4992,1.1349
7.4998,1.1399
7.5003,1.1399
7.5009,1.1399
7.5014,1.1399
7.5020,1.1399
7.5025,1.1399
7.5031,1.1349
7.5036,1.1399
7.5042,1.1349
7.5047,1.1399
7.5053,1.1349
7.5058,1.1399
7.5064,1.1450
7.5069,1.1399
7.5075,1.1399
7.5080,1.1399
7.5086,1.1399
7.5091,1.1399
7.5097,1.1399
7.5102,1.1349
7.5108,1.1349
7.5113,1.1349
7.5119,1.1349
7.5124,1.1399
7.5130,1.1399
7.5135,1.1399
7.5141,1.1349
7.5146,1.1399
7.5152,1.1399
7.5157,1.1399
7.5163,1.1399
7.5168,1.1349
7.5174,1.1349
7.5179,1.1399
7.5185,1.1399
7.5190,1.1349
7.5196,1.1399
7.5201,1.1399
7.5207,1.1349
7.5212,1.1450
7.5218,1.1399
7.5223,1.1399
7.5229,1.1349
7.5234,1.1399
7.5240,1.1399
7.5245,1.1349
7.5251,1.1399
7.5256,1.1349
7.5262,1.1399
7.5267,1.1349
7.5273,1.1349
7.5278,1.1399
7.5284,1.1399
7.5289,1.1399
7.5295,1.1399
7.5300,1.1399
7.5306,1.1399
7.5311,1.1349
7.5317,1.1349
7.5322,1.1399
7.5328,1.1349
7.5333,1.1399
7.5339,1.1399
7.5344,1.1399
7.5350,1.1399
7.5355,1.1399
7.5361,1.1399
7.5366,1.1349
7.5372,1.1399
7.5377,1.1399
7.5383,1.1399
7.5388,1.1399
7.5394,1.1399
7.5399,1.1399
7.5405,1.1349
7.5410,1.1399
7.5416,1.1399
7.5421,1.1399
7.5427,1.1349
7.5432,1.1399
7.5438,1.1399
7.5443,1.1399
7.5449,1.1399
7.5454,1.1399
7.5460,1.1399
7.5465,1.1349
7.5471,1.1399
7.5476,1.1399
7.5482,1.1349
7.5487,1.1399
7.5493,1.1399
7.5499,1.1349
7.5504,1.1399
7.5510,1.1399
7.5515,1.1349
7.5521,1.1399
7.5526,1.1349
7.5532,1.1349
7.5537,1.1399
7.5543,1.1349
7.5548,1.1399
7.5554,1.1450
7.5559,1.1399
7.5565,1.1399
7.5570,1.1399
7.5576,1.1399
7.5581,1.1399
7.5587,1.1349
7.5592,1.1399
7.5598,1.1450
7.5603,1.1450
7.5609,1.1399
7.5614,1.1349
7.5620,1.1399
7.5625,1.1349
7.5631,1.1399
7.5636,1.1349
7.5642,1.1399
7.5647,1.1399
7.5653,1.1399
7.5658,1.1399
7.5664,1.1349
7.5669,1.1349
7.5674,1.1399
7.5680,1.1399
7.5685,1.1349
7.5691,1.1349
7.5698,1.1349
7.5703,1.1399
7.5709,1.1399
7.5715,1.1399
7.5720,1.1399
7.5726,1.1399
7.5731,1.1450
7.5737,1.1399
7.5742,1.1399
7.5748,1.1399
7.5753,1.1399
7.5759,1.1349
7.5764,1.1450
7.5769,1.1349
7.5775,1.1399
7.5780,1.1399
7.5786,1.1399
7.5791,1.1349
7.5797,1.1399
7.5802,1.1349
7.5808,1.1399
7.5813,1.1399
7.5819,1.1399
7.5824,1.1399
7.5830,1.1299
7.5835,1.1399
7.5840,1.1349
7.5846,1.1399
7.5851,1.1349
7.5857,1.1399
7.5862,1.1349
7.5868,1.1399
7.5873,1.1399
7.5879,1.1349
7.5884,1.1349
7.5890,1.1399
7.5895,1.1399
7.5901,1.1399
7.5906,1.1399
7.5912,1.1399
7.5917,1.1399
7.5923,1.1399
7.5928,1.1349
7.5934,1.1349
7.5939,1.1349
7.5944,1.1399
7.5950,1.1399
7.5955,1.1399
7.5961,1.1399
7.5966,1.1399
7.5972,1.1399
7.5977,1.1349
7.5983,1.1349
7.5988,1.1399
7.5994,1.1349
7.5999,1.1399
7.6005,1.1399
7.6010,1.1399
7.6015,1.1349
7.6021,1.1399
7.6026,1.1399
7.6032,1.1399
7.6037,1.1399
7.6043,1.1399
7.6048,1.1399
7.6054,1.1349
7.6059,1.1399
7.6065,1.1399
7.6070,1.1399
7.6075,1.1399
7.6081,1.1399
7.6086,1.1399
7.6092,1.1349
7.6097,1.1399
7.6103,1.1399
7.6108,1.1399
7.6114,1.1399
7.6119,1.1349
7.6125,1.1399
7.6130,1.1399
7.6136,1.1349
7.6141,1.1349
7.6147,1.1349
7.6152,1.1399
7.6158,1.1399
7.6163,1.1450
7.6169,1.1349
7.6174,1.1349
7.6180,1.1399
7.6185,1.1349
7.6191,1.1349
7.6196,1.1399
7.6202,1.1349
7.6207,1.1349
7.6213,1.1450
7.6218,1.1399
7.6224,1.1349
7.6229,1.1399
7.6235,1.1349
7.6240,1.1399
7.6246,1.1399
7.6251,1.1399
7.6257,1.1349
7.6262,1.1399
7.6268,1.1349
7.6276,1.1399
7.6282,1.1349
7.6287,1.1399
7.6293,1.1450
7.6299,1.1399
7.6305,1.1399
7.6311,1.1399
7.6316,1.1399
7.6322,1.1349
7.6327,1.1399
7.6333,1.1349
7.6339,1.1399
7.6345,1.1399
7.6351,1.1349
7.6356,1.1399
7.6362,1.1399
7.6367,1.1399
7.6373,1.1349
7.6378,1.1450
7.6384,1.1399
7.6389,1.1399
7.6395,1.1399
7.6400,1.1399
7.6410,1.1399
7.6415,1.1450
7.6421,1.1450
7.6427,1.1450
7.6432,1.1349
7.6438,1.1349
7.6444,1.1399
7.6450,1.1450
7.6455,1.1349
7.6462,1.1399
7.6481,1.1399
7.6487,1.1399
7.6493,1.1399
7.6498,1.1399
7.6504,1.1399
7.6510,1.1450
7.6516,1.1399
7.6521,1.1399
7.6526,1.1399
7.6532,1.1349
7.6537,1.1399
7.6543,1.1399
7.6548,1.1399
7.6554,1.1399
7.6559,1.1399
7.6565,1.1399
7.6570,1.1399
7.6575,1.1399
7.6581,1.1349
7.6587,1.1399
7.6592,1.1349
7.6598,1.1399
7.6603,1.1399
7.6609,1.1399
7.6614,1.1399
7.6619,1.1399
7.6625,1.1399
7.6630,1.1399
7.6636,1.1349
7.6641,1.1399
7.6647,1.1399
7.6652,1.1399
7.6657,1.1349
7.6663,1.1349
7.6668,1.1299
7.6674,1.1399
7.6679,1.1349
7.6685,1.1399
7.6690,1.1399
7.6695,1.1399
7.6701,1.1399
7.6706,1.1399
7.6712,1.1399
7.6717,1.1349
7.6723,1.1399
7.6728,1.1399
7.6734,1.1399
7.6739,1.1349
7.6745,1.1399
7.6750,1.1399
7.6756,1.1399
7.6761,1.1349
7.6767,1.1399
7.6772,1.1349
7.6778,1.1349
7.6783,1.1399
7.6788,1.1399
7.6794,1.1399
7.6800,1.1399
7.6805,1.1399
7.6811,1.1399
7.6816,1.1349
7.6822,1.1399
7.6827,1.1399
7.6833,1.1399
7.6838,1.1349
7.6844,1.1349
7.6849,1.1349
7.6855,1.1399
7.6860,1.1399
7.6866,1.1349
7.6871,1.1399
7.6876,1.1349
7.6882,1.1399
7.6887,1.1349
7.6893,1.1399
7.6898,1.1399
7.6904,1.1399
7.6910,1.1399
7.6915,1.1399
7.6921,1.1399
7.6926,1.1349
7.6932,1.1450
7.6937,1.1399
7.6942,1.1399
7.6948,1.1349
7.6953,1.1349
7.6959,1.1349
7.6964,1.1399
7.6970,1.1399
7.6975,1.1349
7.6981,1.1399
7.6986,1.1349
7.6992,1.1399
7.6997,1.1399
7.7003,1.1399
7.7008,1.1349
7.7013,1.1399
7.7019,1.1349
7.7024,1.1399
7.7030,1.1349
7.7035,1.1399
7.7041,1.1399
7.7046,1.1349
7.7052,1.1399
7.7057,1.1399
7.7063,1.1399
7.7068,1.1399
7.7074,1.1399
7.7079,1.1399
7.7084,1.1399
7.7090,1.1399
7.7095,1.1399
7.7101,1.1349
7.7106,1.1399
7.7112,1.1399
7.7118,1.1399
7.7123,1.1399
7.7129,1.1399
7.7134,1.1450
7.7139,1.1349
7.7145,1.1349
7.7150,1.1399
7.7156,1.1399
7.7161,1.1399
7.7167,1.1399
7.7172,1.1399
7.7178,1.1399
7.7183,1.1349
7.7189,1.1399
7.7194,1.1399
7.7200,1.1450
7.7205,1.1349
7.7211,1.1399
7.7216,1.1349
7.7222,1.1349
7.7227,1.1399
7.7233,1.1399
7.7238,1.1399
7.7244,1.1450
7.7249,1.1399
7.7255,1.1349
7.7260,1.1450
7.7266,1.1349
7.7271,1.1399
7.7277,1.1399
7.7282,1.1399
7.7288,1.1399
7.7293,1.1399
7.7299,1.1399
7.7304,1.1349
7.7310,1.1399
7.7315,1.1399
7.7321,1.1399
7.7326,1.1399
7.7332,1.1399
7.7337,1.1399
7.7343,1.1450
7.7348,1.1399
7.7354,1.1399
7.7359,1.1399
7.7365,1.1450
7.7370,1.1399
7.7376,1.1349
7.7381,1.1349
7.7387,1.1399
7.7392,1.1349
7.7398,1.1399
7.7403,1.1399
7.7409,1.1399
7.7414,1.1399
7.7420,1.1349
7.7425,1.1399
7.7431,1.1399
7.7436,1.1399
7.7442,1.1399
7.7447,1.1399
7.7453,1.1349
7.7458,1.1349
7.7464,1.1399
7.7469,1.1399
7.7475,1.1399
7.7480,1.1349
7.7486,1.1399
7.7491,1.1399
7.7497,1.1349
7.7502,1.1399
7.7508,1.1399
7.7513,1.1349
7.7519,1.1399
7.7524,1.1399
7.7530,1.1399
7.7535,1.1299
7.7541,1.1399
7.7546,1.1399
7.7552,1.1349
7.7557,1.1399
7.7563,1.1349
7.7568,1.1399
7.7574,1.1349
7.7579,1.1399
7.7585,1.1349
7.7590,1.1399
7.7596,1.1349
7.7601,1.1399
7.7607,1.1349
7.7612,1.1399
7.7618,1.1349
7.7623,1.1399
7.7629,1.1349
7.7634,1.1399
7.7640,1.1399
7.7645,1.1349
7.7651,1.1399
7.7656,1.1450
7.7662,1.1399
7.7667,1.1399
7.7673,1.1399
7.7678,1.1349
7.7684,1.1399
7.7689,1.1399
7.7695,1.1349
7.7700,1.1399
7.7706,1.1450
7.7711,1.1399
7.7717,1.1399
7.7722,1.1399
7.7728,1.1399
7.7733,1.1349
7.7739,1.1399
7.7744,1.1450
7.7750,1.1399
7.7755,1.1349
7.7761,1.1399
7.7766,1.1349
7.7772,1.1399
7.7777,1.1450
7.7783,1.1399
7.7788,1.1349
7.7794,1.1399
7.7799,1.1399
7.7805,1.1349
7.7810,1.1399
7.7816,1.1349
7.7822,1.1349
7.7827,1.1399
7.7833,1.1349
7.7838,1.1399
7.7844,1.1399
7.7849,1.1399
7.7855,1.1399
7.7860,1.1399
7.7866,1.1349
7.7871,1.1349
7.7877,1.1399
7.7882,1.1399
7.7888,1.1399
7.7893,1.1399
7.7899,1.1399
7.7904,1.1450
7.7910,1.1349
7.7915,1.1349
7.7921,1.1349
7.7926,1.1399
7.7932,1.1399
7.7937,1.1399
7.7943,1.1349
7.7948,1.1349
7.7954,1.1349
7.7959,1.1399
7.7965,1.1399
7.7970,1.1349
7.7976,1.1399
7.7981,1.1399
7.7987,1.1399
7.7992,1.1399
7.7998,1.1399
7.8003,1.1399
7.8009,1.1399
7.8014,1.1399
7.8020,1.1349
7.8025,1.1399
7.8031,1.1349
7.8036,1.1399
7.8042,1.1399
7.8047,1.1399
7.8053,1.1450
7.8058,1.1399
7.8064,1.1349
7.8069,1.1349
7.8075,1.1399
7.8080,1.1399
7.8086,1.1399
7.8091,1.1399
7.8097,1.1399
7.8102,1.1349
7.8108,1.1450
7.8113,1.1349
7.8119,1.1399
7.8124,1.1399
7.8130,1.1399
7.8135,1.1349
7.8141,1.1399
7.8146,1.1450
7.8152,1.1349
7.8157,1.1399
7.8163,1.1349
7.8168,1.1399
7.8174,1.1349
7.8179,1.1399
7.8185,1.1349
7.8190,1.1349
7.8196,1.1399
7.8201,1.1349
7.8207,1.1349
7.8212,1.1349
7.8218,1.1399
7.8223,1.1349
7.8229,1.1399
7.8234,1.1399
7.8240,1.1399
7.8245,1.1399
7.8251,1.1450
7.8256,1.1349
7.8262,1.1349
7.8267,1.1399
7.8273,1.1399
7.8278,1.1399
7.8284,1.1399
7.8289,1.1399
7.8295,1.1399
7.8300,1.1349
7.8306,1.1399
7.8311,1.1399
7.8317,1.1399
7.8322,1.1399
7.8328,1.1399
7.8333,1.1349
7.8339,1.1399
7.8344,1.1399
7.8350,1.1399
7.8355,1.1349
7.8361,1.1399
7.8366,1.1399
7.8372,1.1399
7.8377,1.1399
7.8383,1.1399
7.8388,1.1399
7.8394,1.1399
7.8399,1.1399
7.8405,1.1399
7.8410,1.1399
7.8416,1.1349
7.8421,1.1399
7.8427,1.1399
7.8432,1.1349
7.8438,1.1399
7.8443,1.1349
7.8449,1.1399
7.8454,1.1349
7.8460,1.1399
7.8465,1.1349
7.8471,1.1399
7.8476,1.1399
7.8482,1.1399
7.8487,1.1399
7.8493,1.1399
7.8498,1.1349
7.8504,1.1399
7.8509,1.1399
7.8515,1.1399
7.8520,1.1399
7.8526,1.1349
7.8531,1.1399
7.8537,1.1399
7.8542,1.1349
7.8548,1.1399
7.8553,1.1399
7.8559,1.1349
7.8564,1.1399
7.8570,1.1399
7.8575,1.1399
7.8581,1.1349
7.8586,1.1349
7.8592,1.1399
7.8597,1.1399
7.8603,1.1349
7.8608,1.1349
7.8614,1.1349
7.8619,1.1349
7.8625,1.1399
7.8630,1.1399
7.8636,1.1399
7.8641,1.1399
7.8647,1.1399
7.8652,1.1399
7.8658,1.1399
7.8663,1.1399
7.8669,1.1349
7.8674,1.1349
7.8680,1.1399
7.8685,1.1349
7.8691,1.1399
7.8696,1.1399
7.8702,1.1349
7.8707,1.1399
7.8713,1.1399
7.8718,1.1399
7.8724,1.1399
7.8729,1.1399
7.8735,1.1349
7.8740,1.1349
7.8746,1.1399
7.8751,1.1349
7.8757,1.1399
7.8762,1.1399
7.8768,1.1399
7.8773,1.1399
7.8779,1.1399
7.8784,1.1399
7.8790,1.1349
7.8795,1.1349
7.8801,1.1349
7.8806,1.1399
7.8812,1.1349
7.8817,1.1399
7.8823,1.1349
7.8828,1.1399
7.8834,1.1349
7.8839,1.1349
7.8845,1.1349
7.8850,1.1399
7.8856,1.1399
7.8861,1.1399
7.8867,1.1399
7.8872,1.1399
7.8878,1.1399
7.8883,1.1399
7.8889,1.1399
7.8894,1.1349
7.8900,1.1399
7.8906,1.1399
7.8911,1.1399
7.8917,1.1399
7.8922,1.1399
7.8928,1.1399
7.8933,1.1399
7.8939,1.1399
7.8944,1.1399
7.8950,1.1399
7.8955,1.1399
7.8961,1.1399
7.8966,1.1399
7.8972,1.1399
7.8977,1.1399
7.8983,1.1399
7.8988,1.1399
7.8994,1.1399
7.8999,1.1399
7.9005,1.1399
7.9010,1.1349
7.9016,1.1399
7.9021,1.1399
7.9027,1.1399
7.9032,1.1349
7.9038,1.1399
7.9043,1.1399
7.9049,1.1399
7.9054,1.1349
7.9060,1.1349
7.9065,1.1399
7.9071,1.1399
7.9076,1.1349
7.9082,1.1349
7.9087,1.1399
7.9093,1.1399
7.9098,1.1399
7.9104,1.1349
7.9109,1.1399
7.9115,1.1349
7.9120,1.1399
7.9126,1.1349
7.9131,1.1349
7.9137,1.1450
7.9142,1.1399
7.9148,1.1349
7.9153,1.1399
7.9159,1.1399
7.9164,1.1399
7.9170,1.1399
7.9175,1.1399
7.9181,1.1399
7.9186,1.1399
7.9192,1.1399
7.9197,1.1349
7.9203,1.1399
7.9208,1.1399
7.9214,1.1349
7.9219,1.1399
7.9225,1.1399
7.9230,1.1349
7.9236,1.1399
7.9241,1.1399
7.9247,1.1399
7.9252,1.1349
7.9258,1.1399
7.9263,1.1349
7.9269,1.1399
7.9274,1.1399
7.9280,1.1349
7.9285,1.1349
7.9291,1.1399
7.9296,1.1399
7.9302,1.1349
7.9307,1.1399
7.9313,1.1349
7.9318,1.1399
7.9324,1.1399
7.9329,1.1399
7.9335,1.1399
7.9340,1.1399
7.9346,1.1399
7.9351,1.1399
7.9357,1.1399
7.9362,1.1399
7.9368,1.1450
7.9373,1.1399
7.9379,1.1349
7.9384,1.1399
7.9390,1.1399
7.9395,1.1399
7.9401,1.1399
7.9406,1.1399
7.9412,1.1399
7.9417,1.1399
7.9423,1.1399
7.9428,1.1399
7.9434,1.1399
7.9439,1.1349
7.9445,1.1349
7.9450,1.1399
7.9456,1.1349
7.9461,1.1349
7.9467,1.1399
7.9472,1.1399
7.9478,1.1349
7.9483,1.1399
7.9489,1.1399
7.9494,1.1450
7.9500,1.1399
7.9505,1.1399
7.9511,1.1399
7.9516,1.1399
7.9522,1.1399
7.9527,1.1450
7.9533,1.1349
7.9538,1.1349
7.9544,1.1399
7.9549,1.1399
7.9555,1.1399
7.9560,1.1399
7.9566,1.1399
7.9572,1.1399
7.9577,1.1399
7.9582,1.1349
7.9588,1.1399
7.9593,1.1399
7.9599,1.1450
7.9605,1.1399
7.9610,1.1399
7.9616,1.1399
7.9621,1.1349
7.9627,1.1399
7.9632,1.1399
7.9638,1.1349
7.9643,1.1399
7.9649,1.1399
7.9654,1.1399
7.9660,1.1349
7.9665,1.1399
7.9671,1.1399
7.9676,1.1399
7.9682,1.1399
7.9687,1.1399
7.9693,1.1399
7.9698,1.1399
7.9704,1.1450
7.9709,1.1349
7.9715,1.1399
7.9720,1.1399
7.9725,1.1399
7.9731,1.1349
7.9736,1.1399
7.9742,1.1399
7.9747,1.1399
7.9753,1.1399
7.9758,1.1399
7.9764,1.1349
7.9770,1.1399
7.9775,1.1399
7.9781,1.1349
7.9786,1.1399
7.9792,1.1399
7.9797,1.1399
7.9803,1.1349
7.9808,1.1349
7.9814,1.1349
7.9819,1.1399
7.9825,1.1399
7.9830,1.1349
7.9836,1.1349
7.9841,1.1450
7.9847,1.1399
7.9852,1.1399
7.9858,1.1349
7.9863,1.1349
7.9869,1.1399
7.9874,1.1399
7.9880,1.1349
7.9885,1.1399
7.9890,1.1349
7.9896,1.1399
7.9902,1.1399
7.9907,1.1349
7.9913,1.1399
7.9919,1.1349
7.9924,1.1399
7.9930,1.1399
7.9935,1.1349
7.9941,1.1399
7.9946,1.1399
7.9952,1.1349
7.9957,1.1399
7.9963,1.1450
7.9968,1.1399
7.9974,1.1399
7.9979,1.1399
7.9985,1.1349
7.9990,1.1399
7.9995,1.1399
8.0001,1.1399
8.0007,1.1399
8.0012,1.1349
8.0018,1.1399
8.0023,1.1349
8.0029,1.1399
8.0034,1.1349
8.0040,1.1450
8.0045,1.1399
8.0051,1.1349
8.0056,1.1450
8.0062,1.1349
8.0067,1.1399
8.0073,1.1399
8.0078,1.1399
8.0084,1.1399
8.0089,1.1349
8.0094,1.1399
8.0100,1.1399
8.0106,1.1399
8.0111,1.1349
8.0117,1.1399
8.0122,1.1450
8.0128,1.1349
8.0133,1.1399
8.0139,1.1349
8.0144,1.1349
8.0150,1.1399
8.0155,1.1399
8.0161,1.1399
8.0166,1.1399
8.0171,1.1399
8.0177,1.1399
8.0182,1.1399
8.0188,1.1349
8.0193,1.1399
8.0199,1.1349
8.0205,1.1399
8.0210,1.1399
8.0216,1.1349
8.0221,1.1399
8.0227,1.1399
8.0232,1.1349
8.0238,1.1399
8.0243,1.1349
8.0249,1.1349
8.0254,1.1399
8.0259,1.1399
8.0265,1.1399
8.0270,1.1399
8.0276,1.1349
8.0281,1.1450
8.0287,1.1399
8.0292,1.1399
8.0298,1.1399
8.0303,1.1349
8.0309,1.1399
8.0314,1.1399
8.0320,1.1399
8.0325,1.1399
8.0331,1.1399
8.0336,1.1399
8.0342,1.1349
8.0347,1.1399
8.0353,1.1399
8.0358,1.1349
8.0364,1.1399
8.0369,1.1399
8.0375,1.1349
8.0380,1.1399
8.0386,1.1399
8.0391,1.1349
8.0397,1.1399
8.0402,1.1399
8.0408,1.1399
8.0414,1.1399
8.0419,1.1399
8.0425,1.1349
8.0430,1.1399
8.0436,1.1349
8.0441,1.1349
8.0446,1.1399
8.0452,1.1399
8.0457,1.1399
8.0463,1.1349
8.0468,1.1349
8.0474,1.1399
8.0479,1.1349
8.0485,1.1399
8.0490,1.1399
8.0496,1.1399
8.0501,1.1399
8.0507,1.1399
8.0513,1.1399
8.0518,1.1349
8.0523,1.1399
8.0529,1.1399
8.0534,1.1349
8.0540,1.1399
8.0546,1.1349
8.0553,1.1349
8.0559,1.1349
8.0565,1.1399
8.0571,1.1349
8.0577,1.1399
8.0584,1.1399
8.0591,1.1399
8.0597,1.1399
8.0602,1.1399
8.0608,1.1399
8.0614,1.1399
8.0620,1.1349
8.0626,1.1399
8.0632,1.1399
8.0637,1.1399
8.0643,1.1399
8.0648,1.1399
8.0654,1.1399
8.0660,1.1349
8.0665,1.1399
8.0671,1.1399
8.0676,1.1399
8.0682,1.1399
8.0687,1.1399
8.0693,1.1399
8.0699,1.1399
8.0704,1.1349
8.0710,1.1349
8.0715,1.1349
8.0721,1.1349
8.0726,1.1399
8.0732,1.1399
8.0737,1.1349
8.0743,1.1399
8.0749,1.1399
8.0755,1.1349
8.0760,1.1399
8.0766,1.1399
8.0771,1.1349
8.0777,1.1399
8.0782,1.1349
8.0788,1.1399
8.0793,1.1450
8.0799,1.1399
8.0805,1.1349
8.0810,1.1399
8.0816,1.1450
8.0821,1.1399
8.0827,1.1399
8.0832,1.1399
8.0838,1.1399
8.0843,1.1399
8.0849,1.1399
8.0854,1.1399
8.0860,1.1399
8.0865,1.1349
8.0871,1.1399
8.0876,1.1399
8.0882,1.1399
8.0887,1.1349
8.0893,1.1399
8.0898,1.1399
8.0904,1.1349
8.0909,1.1349
8.0915,1.1399
8.0920,1.1399
8.0926,1.1349
8.0931,1.1399
8.0937,1.1450
8.0943,1.1399
8.0948,1.1399
8.0954,1.1349
8.0959,1.1399
8.0965,1.1399
8.0970,1.1349
8.0976,1.1399
8.0981,1.1399
8.0986,1.1399
8.0992,1.1399
8.0998,1.1399
8.1003,1.1349
8.1009,1.1399
8.1014,1.1399
8.1019,1.1349
8.1025,1.1399
8.1030,1.1399
8.1036,1.1450
8.1041,1.1349
8.1047,1.1399
8.1052,1.1399
8.1058,1.1399
8.1063,1.1399
8.1069,1.1399
8.1074,1.1399
8.1080,1.1399
8.1086,1.1349
8.1091,1.1349
8.1097,1.1399
8.1102,1.1349
8.1108,1.1349
8.1113,1.1399
8.1119,1.1399
8.1124,1.1399
8.1130,1.1399
8.1135,1.1349
8.1141,1.1349
8.1146,1.1399
8.1152,1.1349
8.1157,1.1399
8.1163,1.1349
8.1168,1.1349
8.1174,1.1399
8.1179,1.1399
8.1185,1.1450
8.1190,1.1399
8.1196,1.1399
8.1201,1.1399
8.1207,1.1399
8.1212,1.1349
8.1218,1.1399
8.1223,1.1399
8.1229,1.1349
8.1234,1.1349
8.1240,1.1399
8.1245,1.1399
8.1251,1.1349
8.1256,1.1399
8.1262,1.1399
8.1269,1.1399
8.1275,1.1399
8.1281,1.1349
8.1287,1.1399
8.1294,1.1399
8.1300,1.1349
8.1306,1.1399
8.1312,1.1399
8.1318,1.1399
8.1324,1.1349
8.1330,1.1399
8.1336,1.1399
8.1341,1.1349
8.1347,1.1399
8.1353,1.1399
8.1358,1.1399
8.1364,1.1399
8.1370,1.1399
8.1376,1.1450
8.1381,1.1399
8.1387,1.1349
8.1392,1.1399
8.1398,1.1349
8.1403,1.1399
8.1409,1.1349
8.1414,1.1399
8.1420,1.1399
8.1425,1.1399
8.1431,1.1349
8.1437,1.1399
8.1442,1.1399
8.1448,1.1399
8.1454,1.1349
8.1459,1.1399
8.1465,1.1399
8.1471,1.1399
8.1477,1.1399
8.1483,1.1399
8.1489,1.1399
8.1495,1.1349
8.1501,1.1349
8.1507,1.1399
8.1513,1.1349
8.1518,1.1450
8.1524,1.1349
8.1530,1.1399
8.1536,1.1399
8.1542,1.1399
8.1548,1.1399
8.1553,1.1399
8.1559,1.1399
8.1564,1.1349
8.1570,1.1349
8.1575,1.1399
8.1581,1.1399
8.1587,1.1399
8.1592,1.1450
8.1598,1.1399
8.1603,1.1399
8.1609,1.1349
8.1614,1.1399
8.1620,1.1399
8.1625,1.1399
8.1631,1.1399
8.1636,1.1399
8.1642,1.1349
8.1647,1.1399
8.1653,1.1399
8.1658,1.1399
8.1664,1.1349
8.1669,1.1399
8.1675,1.1399
8.1680,1.1399
8.1686,1.1349
8.1691,1.1399
8.1697,1.1399
8.1702,1.1399
8.1708,1.1399
8.1713,1.1349
8.1719,1.1399
8.1724,1.1349
8.1730,1.1349
8.1735,1.1349
8.1741,1.1399
8.1747,1.1349
8.1752,1.1450
8.1758,1.1349
8.1763,1.1399
8.1769,1.1399
8.1774,1.1399
8.1780,1.1399
8.1785,1.1399
8.1791,1.1399
8.1796,1.1349
8.1802,1.1399
8.1807,1.1399
8.1813,1.1399
8.1818,1.1450
8.1824,1.1349
8.1829,1.1299
8.1835,1.1399
8.1840,1.1399
8.1846,1.1399
8.1851,1.1399
8.1857,1.1399
8.1862,1.1399
8.1868,1.1349
8.1873,1.1399
8.1879,1.1399
8.1884,1.1399
8.1890,1.1399
8.1895,1.1399
8.1901,1.1399
8.1906,1.1349
8.1912,1.1399
8.1918,1.1450
8.1924,1.1349
8.1929,1.1349
8.1935,1.1399
8.1940,1.1349
8.1946,1.1399
8.1951,1.1399
8.1956,1.1349
8.1962,1.1399
8.1967,1.1399
8.1973,1.1349
8.1978,1.1399
8.1983,1.1399
8.1989,1.1399
8.1994,1.1349
8.2000,1.1399
8.2005,1.1399
8.2010,1.1399
8.2016,1.1399
8.2021,1.1349
8.2027,1.1399
8.2032,1.1349
8.2038,1.1399
8.2043,1.1399
8.2048,1.1399
8.2054,1.1399
8.2059,1.1349
8.2065,1.1399
8.2070,1.1349
8.2075,1.1450
8.2081,1.1399
8.2086,1.1349
8.2091,1.1399
8.2097,1.1349
8.2102,1.1349
8.2108,1.1399
8.2113,1.1349
8.2118,1.1399
8.2124,1.1349
8.2129,1.1349
8.2135,1.1399
8.2140,1.1399
8.2145,1.1349
8.2151,1.1399
8.2156,1.1399
8.2162,1.1349
8.2167,1.1399
8.2172,1.1349
8.2178,1.1349
8.2183,1.1349
8.2188,1.1399
8.2194,1.1399
8.2199,1.1399
8.2205,1.1349
8.2210,1.1399
8.2215,1.1399
8.2221,1.1399
8.2226,1.1450
8.2232,1.1399
8.2237,1.1349
8.2242,1.1349
8.2248,1.1399
8.2253,1.1399
8.2259,1.1399
8.2264,1.1399
8.2269,1.1349
8.2275,1.1349
8.2280,1.1399
8.2285,1.1349
8.2291,1.1399
8.2296,1.1399
8.2302,1.1399
8.2307,1.1349
8.2312,1.1399
8.2318,1.1399
8.2323,1.1399
8.2329,1.1349
8.2334,1.1399
8.2339,1.1399
8.2345,1.1399
8.2350,1.1399
8.2355,1.1399
8.2361,1.1349
8.2366,1.1450
8.2372,1.1399
8.2377,1.1349
8.2382,1.1349
8.2388,1.1349
8.2393,1.1399
8.2399,1.1399
8.2404,1.1399
8.2409,1.1399
8.2415,1.1399
8.2420,1.1399
8.2426,1.1349
8.2431,1.1349
8.2436,1.1399
8.2442,1.1349
8.2447,1.1399
8.2452,1.1450
8.2458,1.1399
8.2463,1.1399
8.2469,1.1349
8.2474,1.1399
8.2479,1.1349
8.2485,1.1349
8.2490,1.1399
8.2496,1.1399
8.2501,1.1399
8.2506,1.1399
8.2512,1.1399
8.2517,1.1349
8.2523,1.1399
8.2528,1.1399
8.2533,1.1399
8.2539,1.1399
8.2544,1.1349
8.2550,1.1399
8.2555,1.1349
8.2560,1.1399
8.2566,1.1399
8.2571,1.1349
8.2576,1.1399
8.2582,1.1349
8.2587,1.1399
8.2593,1.1349
8.2598,1.1349
8.2603,1.1399
8.2609,1.1399
8.2614,1.1349
8.2620,1.1349
8.2625,1.1399
8.2630,1.1399
8.2636,1.1349
8.2641,1.1399
8.2646,1.1399
8.2652,1.1399
8.2657,1.1399
8.2663,1.1399
8.2668,1.1399
8.2673,1.1399
8.2679,1.1399
8.2684,1.1399
8.2690,1.1399
8.2695,1.1399
8.2700,1.1399
8.2706,1.1399
8.2711,1.1399
8.2717,1.1349
8.2722,1.1349
8.2728,1.1399
8.2733,1.1299
8.2738,1.1349
8.2744,1.1399
8.2749,1.1349
8.2755,1.1399
8.2760,1.1399
8.2765,1.1349
8.2771,1.1399
8.2776,1.1399
8.2781,1.1399
8.2787,1.1399
8.2792,1.1399
8.2798,1.1399
8.2803,1.1299
8.2808,1.1399
8.2814,1.1399
8.2819,1.1399
8.2825,1.1349
8.2830,1.1399
8.2835,1.1399
8.2841,1.1399
8.2846,1.1399
8.2852,1.1349
8.2857,1.1399
8.2862,1.1399
8.2868,1.1399
8.2873,1.1399
8.2878,1.1399
8.2884,1.1399
8.2889,1.1399
8.2895,1.1399
8.2900,1.1349
8.2905,1.1399
8.2911,1.1399
8.2916,1.1349
8.2922,1.1399
8.2928,1.1349
8.2933,1.1399
8.2939,1.1349
8.2944,1.1399
8.2950,1.1399
8.2955,1.1349
8.2961,1.1399
8.2966,1.1349
8.2972,1.1399
8.2977,1.1349
8.2983,1.1399
8.2988,1.1399
8.2994,1.1450
8.2999,1.1399
8.3005,1.1399
8.3010,1.1399
8.3016,1.1399
8.3021,1.1399
8.3027,1.1349
8.3032,1.1399
8.3038,1.1399
8.3043,1.1399
8.3049,1.1349
8.3054,1.1399
8.3060,1.1399
8.3065,1.1349
8.3071,1.1399
8.3076,1.1349
8.3082,1.1399
8.3087,1.1399
8.3093,1.1349
8.3098,1.1399
8.3104,1.1399
8.3109,1.1399
8.3115,1.1349
8.3120,1.1399
8.3126,1.1399
8.3131,1.1399
8.3137,1.1399
8.3142,1.1399
8.3148,1.1399
8.3153,1.1349
8.3159,1.1399
8.3164,1.1349
8.3170,1.1349
8.3175,1.1399
8.3181,1.1399
8.3186,1.1349
8.3192,1.1399
8.3197,1.1299
8.3203,1.1399
8.3208,1.1349
8.3214,1.1399
8.3219,1.1399
8.3225,1.1349
8.3230,1.1399
8.3236,1.1399
8.3241,1.1399
8.3247,1.1399
8.3252,1.1399
8.3258,1.1399
8.3263,1.1399
8.3269,1.1399
8.3274,1.1399
8.3280,1.1349
8.3285,1.1349
8.3291,1.1450
8.3296,1.1399
8.3302,1.1399
8.3307,1.1399
8.3313,1.1399
8.3318,1.1399
8.3324,1.1399
8.3329,1.1399
8.3335,1.1349
8.3340,1.1399
8.3346,1.1349
8.3351,1.1349
8.3357,1.1349
8.3362,1.1399
8.3368,1.1399
8.3373,1.1349
8.3379,1.1399
8.3384,1.1349
8.3390,1.1399
8.3395,1.1349
8.3401,1.1399
8.3406,1.1399
8.3412,1.1349
8.3418,1.1399
8.3423,1.1399
8.3429,1.1399
8.3434,1.1399
8.3440,1.1349
8.3445,1.1349
8.3451,1.1399
8.3456,1.1349
8.3462,1.1399
8.3467,1.1399
8.3473,1.1399
8.3478,1.1399
8.3484,1.1399
8.3489,1.1399
8.3495,1.1399
8.3500,1.1399
8.3506,1.1399
8.3511,1.1399
8.3517,1.1399
8.3522,1.1399
8.3528,1.1399
8.3533,1.1399
8.3539,1.1349
8.3544,1.1399
8.3550,1.1399
8.3555,1.1349
8.3561,1.1399
8.3566,1.1349
8.3572,1.1399
8.3577,1.1399
8.3583,1.1399
8.3588,1.1399
8.3594,1.1349
8.3599,1.1399
8.3605,1.1349
8.3610,1.1399
8.3616,1.1399
8.3621,1.1349
8.3627,1.1349
8.3632,1.1349
8.3638,1.1399
8.3643,1.1399
8.3649,1.1399
8.3654,1.1349
8.3660,1.1399
8.3665,1.1399
8.3671,1.1399
8.3676,1.1349
8.3682,1.1399
8.3687,1.1399
8.3693,1.1349
8.3698,1.1399
8.3704,1.1399
8.3709,1.1399
8.3715,1.1399
8.3720,1.1399
8.3726,1.1399
8.3731,1.1399
8.3737,1.1399
8.3742,1.1349
8.3748,1.1399
8.3753,1.1399
8.3759,1.1399
8.3764,1.1349
8.3770,1.1399
8.3775,1.1349
8.3781,1.1399
8.3786,1.1399
8.3792,1.1399
8.3797,1.1349
8.3803,1.1399
8.3808,1.1450
8.3814,1.1349
8.3819,1.1399
8.3825,1.1399
8.3830,1.1349
8.3836,1.1349
8.3841,1.1399
8.3847,1.1399
8.3852,1.1399
8.3858,1.1399
8.3863,1.1399
8.3869,1.1399
8.3874,1.1399
8.3880,1.1399
8.3885,1.1399
8.3891,1.1349
8.3896,1.1399
8.3902,1.1349
8.3907,1.1349
8.3913,1.1399
8.3918,1.1399
8.3924,1.1299
8.3929,1.1399
8.3935,1.1399
8.3940,1.1399
8.3946,1.1399
8.3951,1.1399
8.3957,1.1399
8.3962,1.1349
8.3968,1.1399
8.3973,1.1399
8.3979,1.1399
8.3984,1.1399
8.3990,1.1399
8.3995,1.1399
8.4001,1.1399
8.4006,1.1399
8.4012,1.1399
8.4017,1.1399
8.4023,1.1349
8.4028,1.1349
8.4034,1.1399
8.4039,1.1399
8.4045,1.1349
8.4050,1.1399
8.4056,1.1399
8.4061,1.1399
8.4067,1.1349
8.4072,1.1399
8.4078,1.1349
8.4083,1.1399
8.4089,1.1349
8.4094,1.1399
8.4100,1.1399
8.4105,1.1399
8.4111,1.1399
8.4116,1.1399
8.4122,1.1349
8.4127,1.1399
8.4133,1.1399
8.4138,1.1399
8.4144,1.1349
8.4149,1.1399
8.4155,1.1349
8.4160,1.1399
8.4166,1.1399
8.4171,1.1349
8.4177,1.1399
8.4182,1.1349
8.4188,1.1399
8.4193,1.1399
8.4199,1.1399
8.4205,1.1399
8.4210,1.1399
8.4216,1.1399
8.4221,1.1399
8.4227,1.1399
8.4232,1.1349
8.4238,1.1349
8.4243,1.1349
8.4249,1.1399
8.4254,1.1399
8.4260,1.1399
8.4265,1.1349
8.4271,1.1399
8.4276,1.1399
8.4282,1.1349
8.4287,1.1349
8.4293,1.1349
8.4298,1.1349
8.4304,1.1349
8.4309,1.1349
8.4315,1.1399
8.4320,1.1399
8.4326,1.1399
8.4331,1.1349
8.4337,1.1399
8.4342,1.1349
8.4348,1.1450
8.4353,1.1399
8.4359,1.1349
8.4364,1.1399
8.4370,1.1399
8.4375,1.1399
8.4381,1.1399
8.4386,1.1399
8.4392,1.1349
8.4397,1.1399
8.4403,1.1399
8.4408,1.1399
8.4414,1.1399
8.4419,1.1399
8.4425,1.1399
8.4430,1.1450
8.4436,1.1450
8.4441,1.1399
8.4447,1.1399
8.4452,1.1349
8.4458,1.1399
8.4463,1.1399
8.4469,1.1349
8.4474,1.1349
8.4480,1.1399
8.4485,1.1399
8.4491,1.1299
8.4496,1.1399
8.4502,1.1450
8.4507,1.1349
8.4513,1.1399
8.4518,1.1349
8.4524,1.1349
8.4529,1.1349
8.4535,1.1399
8.4540,1.1349
8.4546,1.1399
8.4551,1.1399
8.4557,1.1349
8.4562,1.1399
8.4568,1.1349
8.4573,1.1349
8.4579,1.1399
8.4584,1.1450
8.4590,1.1349
8.4595,1.1349
8.4601,1.1399
8.4606,1.1349
8.4612,1.1399
8.4617,1.1399
8.4623,1.1399
8.4628,1.1349
8.4634,1.1399
8.4639,1.1349
8.4645,1.1399
8.4650,1.1399
8.4656,1.1349
8.4661,1.1450
8.4667,1.1399
8.4672,1.1349
8.4678,1.1399
8.4683,1.1399
8.4689,1.1399
8.4694,1.1399
8.4700,1.1399
8.4705,1.1349
8.4711,1.1399
8.4716,1.1399
8.4722,1.1399
8.4727,1.1399
8.4733,1.1349
8.4738,1.1349
8.4744,1.1399
8.4749,1.1399
8.4755,1.1349
8.4760,1.1349
8.4766,1.1399
8.4771,1.1399
8.4777,1.1399
8.4782,1.1349
8.4788,1.1399
8.4793,1.1349
8.4799,1.1349
8.4804,1.1399
8.4810,1.1349
8.4816,1.1399
8.4821,1.1399
8.4827,1.1399
8.4832,1.1349
8.4838,1.1399
8.4843,1.1399
8.4849,1.1399
8.4854,1.1349
8.4860,1.1349
8.4865,1.1399
8.4871,1.1349
8.4876,1.1349
8.4882,1.1349
8.4887,1.1399
8.4893,1.1450
8.4898,1.1399
8.4904,1.1349
8.4909,1.1399
8.4915,1.1399
8.4920,1.1349
8.4926,1.1399
8.4931,1.1399
8.4937,1.1399
8.4942,1.1349
8.4948,1.1349
8.4953,1.1349
8.4959,1.1349
8.4964,1.1399
8.4970,1.1349
8.4975,1.1399
8.4981,1.1349
8.4986,1.1399
8.4992,1.1349
8.4997,1.1349
8.5003,1.1349
8.5008,1.1399
8.5014,1.1399
8.5019,1.1399
8.5025,1.1399
8.5031,1.1399
8.5036,1.1399
8.5042,1.1399
8.5047,1.1399
8.5052,1.1399
8.5058,1.1349
8.5064,1.1399
8.5069,1.1399
8.5074,1.1399
8.5080,1.1349
8.5085,1.1349
8.5091,1.1399
8.5096,1.1349
8.5102,1.1349
8.5108,1.1399
8.5113,1.1399
8.5119,1.1349
8.5124,1.1349
8.5130,1.1450
8.5135,1.1399
8.5141,1.1399
8.5146,1.1399
8.5152,1.1349
8.5157,1.1399
8.5163,1.1399
8.5168,1.1399
8.5174,1.1450
8.5179,1.1399
8.5185,1.1399
8.5190,1.1349
8.5195,1.1399
8.5201,1.1399
8.5207,1.1349
8.5212,1.1399
8.5218,1.1399
8.5223,1.1399
8.5229,1.1399
8.5234,1.1399
8.5239,1.1349
8.5245,1.1399
8.5250,1.1399
8.5256,1.1399
8.5261,1.1399
8.5267,1.1399
8.5276,1.1349
8.5281,1.1349
8.5287,1.1399
8.5292,1.1399
8.5298,1.1399
8.5303,1.1399
8.5309,1.1349
8.5314,1.1399
8.5320,1.1399
8.5325,1.1399
8.5331,1.1349
8.5336,1.1349
8.5342,1.1399
8.5347,1.1399
8.5353,1.1399
8.5358,1.1399
8.5364,1.1349
8.5369,1.1399
8.5375,1.1399
8.5380,1.1399
8.5386,1.1349
8.5391,1.1349
8.5397,1.1399
8.5402,1.1349
8.5408,1.1399
8.5413,1.1399
8.5419,1.1349
8.5424,1.1399
8.5430,1.1349
8.5435,1.1399
8.5441,1.1399
8.5446,1.1349
8.5452,1.1399
8.5457,1.1450
8.5463,1.1399
8.5468,1.1349
8.5474,1.1399
8.5479,1.1399
8.5485,1.1399
8.5490,1.1399
8.5496,1.1399
8.5501,1.1399
8.5507,1.1399
8.5512,1.1399
8.5518,1.1399
8.5524,1.1399
8.5529,1.1399
8.5535,1.1349
8.5540,1.1349
8.5546,1.1399
8.5551,1.1399
8.5557,1.1399
8.5562,1.1399
8.5568,1.1399
8.5573,1.1349
8.5579,1.1399
8.5584,1.1399
8.5590,1.1349
8.5595,1.1349
8.5601,1.1399
8.5606,1.1399
8.5612,1.1399
8.5617,1.1399
8.5623,1.1399
8.5628,1.1399
8.5634,1.1399
8.5639,1.1450
8.5645,1.1399
8.5650,1.1399
8.5656,1.1349
8.5661,1.1399
8.5667,1.1399
8.5672,1.1399
8.5678,1.1349
8.5683,1.1399
8.5689,1.1349
8.5694,1.1349
8.5700,1.1399
8.5705,1.1349
8.5711,1.1399
8.5716,1.1399
8.5722,1.1349
8.5727,1.1349
8.5733,1.1349
8.5738,1.1349
8.5744,1.1349
8.5749,1.1399
8.5755,1.1349
8.5760,1.1349
8.5766,1.1349
8.5771,1.1399
8.5777,1.1399
8.5782,1.1399
8.5788,1.1349
8.5793,1.1399
8.5799,1.1349
8.5804,1.1399
8.5810,1.1399
8.5815,1.1399
8.5821,1.1399
8.5826,1.1399
8.5832,1.1399
8.5837,1.1349
8.5843,1.1399
8.5848,1.1399
8.5854,1.1349
8.5859,1.1399
8.5865,1.1399
8.5870,1.1399
8.5875,1.1399
8.5884,1.1399
8.5889,1.1399
8.5895,1.1399
8.5900,1.1349
8.5906,1.1399
8.5911,1.1349
8.5917,1.1399
8.5922,1.1349
8.5928,1.1349
8.5933,1.1399
8.5939,1.1349
8.5945,1.1399
8.5950,1.1349
8.5956,1.1399
8.5961,1.1399
8.5967,1.1399
8.5972,1.1399
8.5978,1.1399
8.5983,1.1349
8.5989,1.1399
8.5994,1.1399
8.6000,1.1399
8.6005,1.1349
8.6011,1.1399
8.6016,1.1349
8.6022,1.1349
8.6027,1.1399
8.6033,1.1399
8.6038,1.1399
8.6044,1.1349
8.6049,1.1399
8.6055,1.1349
8.6060,1.1349
8.6066,1.1349
8.6072,1.1399
8.6077,1.1399
8.6083,1.1399
8.6088,1.1399
8.6094,1.1349
8.6099,1.1349
8.6105,1.1399
8.6110,1.1349
8.6116,1.1399
8.6121,1.1450
8.6127,1.1399
8.6132,1.1399
8.6138,1.1349
8.6143,1.1399
8.6149,1.1399
8.6154,1.1399
8.6160,1.1349
8.6165,1.1399
8.6171,1.1399
8.6176,1.1349
8.6182,1.1399
8.6187,1.1399
8.6193,1.1349
8.6198,1.1349
8.6204,1.1399
8.6209,1.1349
8.6215,1.1399
8.6220,1.1349
8.6226,1.1399
8.6231,1.1349
8.6237,1.1399
8.6242,1.1399
8.6248,1.1349
8.6253,1.1399
8.6259,1.1399
8.6264,1.1399
8.6270,1.1399
8.6276,1.1349
8.6300,1.1399
8.6306,1.1399
8.6312,1.1349
8.6318,1.1399
8.6323,1.1399
8.6329,1.1349
8.6335,1.1399
8.6340,1.1399
8.6346,1.1399
8.6352,1.1399
8.6357,1.1349
8.6363,1.1399
8.6368,1.1349
8.6374,1.1399
8.6379,1.1399
8.6385,1.1349
8.6390,1.1349
8.6396,1.1399
8.6401,1.1399
8.6407,1.1399
8.6412,1.1399
8.6418,1.1399
8.6424,1.1399
8.6429,1.1399
8.6435,1.1399
8.6441,1.1399
8.6446,1.1399
8.6452,1.1399
8.6458,1.1349
8.6463,1.1399
8.6469,1.1399
8.6475,1.1399
8.6481,1.1349
8.6487,1.1399
8.6493,1.1399
8.6499,1.1399
8.6504,1.1399
8.6510,1.1399
8.6516,1.1399
8.6521,1.1399
8.6527,1.1399
8.6532,1.1399
8.6538,1.1349
8.6543,1.1399
8.6549,1.1349
8.6554,1.1399
8.6560,1.1399
8.6565,1.1349
8.6571,1.1399
8.6576,1.1399
8.6582,1.1349
8.6588,1.1399
8.6594,1.1349
8.6600,1.1399
8.6606,1.1399
8.6611,1.1399
8.6617,1.1399
8.6623,1.1399
8.6629,1.1399
8.6635,1.1399
8.6640,1.1399
8.6646,1.1399
8.6652,1.1399
8.6658,1.1399
8.6664,1.1399
8.6669,1.1349
8.6675,1.1399
8.6681,1.1399
8.6687,1.1399
8.6693,1.1399
8.6699,1.1399
8.6705,1.1399
8.6711,1.1399
8.6717,1.1399
8.6722,1.1399
8.6728,1.1399
8.6734,1.1399
8.6740,1.1399
8.6745,1.1349
8.6751,1.1349
8.6756,1.1399
8.6762,1.1399
8.6767,1.1349
8.6773,1.1399
8.6778,1.1399
8.6784,1.1399
8.6789,1.1399
8.6795,1.1399
8.6800,1.1349
8.6806,1.1399
8.6811,1.1399
8.6817,1.1399
8.6822,1.1399
8.6828,1.1399
8.6833,1.1349
8.6839,1.1399
8.6844,1.1349
8.6849,1.1349
8.6855,1.1349
8.6860,1.1399
8.6866,1.1399
8.6871,1.1399
8.6877,1.1399
8.6882,1.1399
8.6888,1.1399
8.6893,1.1399
8.6899,1.1349
8.6904,1.1349
8.6910,1.1349
8.6915,1.1399
8.6921,1.1399
8.6926,1.1349
8.6932,1.1399
8.6937,1.1399
8.6943,1.1399
8.6950,1.1349
8.6955,1.1399
8.6961,1.1399
8.6966,1.1349
8.6972,1.1399
8.6977,1.1399
8.6983,1.1399
8.6988,1.1399
8.6993,1.1399
8.6999,1.1349
8.7004,1.1399
8.7010,1.1399
8.7015,1.1399
8.7021,1.1349
8.7026,1.1399
8.7032,1.1349
8.7037,1.1399
8.7042,1.1399
8.7048,1.1399
8.7053,1.1349
8.7059,1.1399
8.7064,1.1349
8.7069,1.1399
8.7075,1.1399
8.7080,1.1349
8.7086,1.1349
8.7091,1.1399
8.7096,1.1399
8.7102,1.1399
8.7107,1.1399
8.7113,1.1349
8.7118,1.1349
8.7123,1.1399
8.7129,1.1399
8.7134,1.1399
8.7140,1.1349
8.7145,1.1399
8.7150,1.1349
8.7156,1.1349
8.7161,1.1399
8.7167,1.1349
8.7172,1.1399
8.7177,1.1349
8.7183,1.1349
8.7188,1.1399
8.7194,1.1399
8.7199,1.1399
8.7205,1.1399
8.7210,1.1349
8.7216,1.1399
8.7221,1.1399
8.7226,1.1349
8.7232,1.1399
8.7237,1.1349
8.7243,1.1399
8.7248,1.1349
8.7254,1.1349
8.7259,1.1349
8.7265,1.1399
8.7270,1.1399
8.7275,1.1399
8.7281,1.1349
8.7286,1.1399
8.7292,1.1349
8.7297,1.1349
8.7303,1.1349
8.7308,1.1399
8.7314,1.1349
8.7319,1.1349
8.7324,1.1349
8.7330,1.1349
8.7335,1.1349
8.7341,1.1399
8.7346,1.1399
8.7352,1.1349
8.7357,1.1399
8.7362,1.1399
8.7368,1.1399
8.7373,1.1399
8.7379,1.1399
8.7384,1.1399
8.7390,1.1399
8.7395,1.1399
8.7401,1.1349
8.7406,1.1399
8.7411,1.1399
8.7417,1.1450
8.7422,1.1349
8.7428,1.1399
8.7433,1.1399
8.7439,1.1349
8.7444,1.1399
8.7450,1.1299
8.7455,1.1399
8.7460,1.1349
8.7466,1.1399
8.7472,1.1349
8.7477,1.1399
8.7483,1.1399
8.7488,1.1399
8.7493,1.1399
8.7499,1.1399
8.7504,1.1399
8.7510,1.1399
8.7515,1.1349
8.7521,1.1450
8.7526,1.1399
8.7532,1.1349
8.7537,1.1399
8.7542,1.1299
8.7548,1.1399
8.7553,1.1399
8.7559,1.1399
8.7564,1.1399
8.7570,1.1399
8.7575,1.1349
8.7581,1.1399
8.7586,1.1399
8.7592,1.1399
8.7597,1.1399
8.7602,1.1399
8.7608,1.1349
8.7613,1.1399
8.7619,1.1349
8.7624,1.1349
8.7630,1.1349
8.7635,1.1349
8.7641,1.1349
8.7646,1.1349
8.7652,1.1399
8.7657,1.1399
8.7663,1.1399
8.7668,1.1399
8.7673,1.1399
8.7679,1.1399
8.7684,1.1399
8.7690,1.1399
8.7695,1.1399
8.7701,1.1349
8.7706,1.1399
8.7711,1.1399
8.7717,1.1399
8.7722,1.1399
8.7728,1.1349
8.7733,1.1349
8.7738,1.1349
8.7744,1.1450
8.7749,1.1399
8.7755,1.1399
8.7760,1.1399
8.7765,1.1349
8.7771,1.1399
8.7776,1.1399
8.7782,1.1399
8.7787,1.1399
8.7793,1.1349
8.7798,1.1399
8.7803,1.1399
8.7809,1.1349
8.7814,1.1399
8.7820,1.1349
8.7825,1.1399
8.7831,1.1399
8.7836,1.1349
8.7841,1.1349
8.7847,1.1349
8.7852,1.1399
8.7858,1.1349
8.7863,1.1399
8.7869,1.1399
8.7874,1.1349
8.7880,1.1399
8.7885,1.1399
8.7890,1.1399
8.7896,1.1349
8.7901,1.1399
8.7907,1.1349
8.7912,1.1399
8.7918,1.1349
8.7923,1.1399
8.7928,1.1349
8.7934,1.1349
8.7939,1.1349
8.7945,1.1399
8.7954,1.1349
8.7960,1.1399
8.7965,1.1349
8.7971,1.1349
8.7976,1.1399
8.7982,1.1399
8.7987,1.1349
8.7993,1.1399
8.7998,1.1349
8.8004,1.1399
8.8010,1.1399
8.8015,1.1399
8.8021,1.1349
8.8026,1.1349
8.8032,1.1399
8.8037,1.1399
8.8043,1.1399
8.8048,1.1349
8.8054,1.1399
8.8059,1.1399
8.8065,1.1399
8.8070,1.1349
8.8076,1.1399
8.8081,1.1399
8.8087,1.1399
8.8092,1.1349
8.8098,1.1450
8.8103,1.1399
8.8109,1.1399
8.8114,1.1399
8.8120,1.1399
8.8125,1.1450
8.8131,1.1399
8.8136,1.1349
8.8142,1.1349
8.8147,1.1399
8.8153,1.1399
8.8158,1.1399
8.8164,1.1399
8.8169,1.1399
8.8175,1.1399
8.8180,1.1399
8.8186,1.1349
8.8191,1.1399
8.8197,1.1399
8.8202,1.1399
8.8208,1.1399
8.8213,1.1399
8.8219,1.1399
8.8224,1.1349
8.8230,1.1349
8.8235,1.1349
8.8241,1.1349
8.8246,1.1299
8.8252,1.1399
8.8257,1.1349
8.8263,1.1399
8.8268,1.1399
8.8274,1.1399
8.8279,1.1349
8.8285,1.1399
8.8290,1.1349
8.8296,1.1399
8.8303,1.1349
8.8309,1.1399
8.8314,1.1399
8.8320,1.1399
8.8325,1.1399
8.8331,1.1399
8.8336,1.1399
8.8342,1.1399
8.8348,1.1399
8.8353,1.1349
8.8359,1.1349
8.8364,1.1399
8.8370,1.1349
8.8375,1.1349
8.8381,1.1399
8.8386,1.1399
8.8392,1.1399
8.8397,1.1399
8.8403,1.1349
8.8408,1.1399
8.8414,1.1399
8.8419,1.1349
8.8425,1.1349
8.8430,1.1399
8.8436,1.1399
8.8441,1.1399
8.8447,1.1399
8.8452,1.1349
8.8458,1.1399
8.8463,1.1349
8.8469,1.1349
8.8474,1.1399
8.8480,1.1349
8.8485,1.1399
8.8491,1.1399
8.8496,1.1399
8.8502,1.1399
8.8507,1.1349
8.8513,1.1450
8.8518,1.1399
8.8524,1.1399
8.8529,1.1399
8.8535,1.1399
8.8540,1.1399
8.8546,1.1399
8.8551,1.1399
8.8557,1.1399
8.8562,1.1399
8.8568,1.1349
8.8573,1.1399
8.8579,1.1399
8.8584,1.1399
8.8590,1.1399
8.8595,1.1399
8.8601,1.1349
8.8606,1.1349
8.8612,1.1399
8.8617,1.1399
8.8623,1.1399
8.8628,1.1399
8.8634,1.1399
8.8639,1.1399
8.8645,1.1349
8.8650,1.1349
8.8656,1.1349
8.8662,1.1399
8.8667,1.1299
8.8673,1.1349
8.8678,1.1399
8.8684,1.1399
8.8689,1.1399
8.8695,1.1399
8.8700,1.1399
8.8706,1.1399
8.8711,1.1349
8.8717,1.1399
8.8722,1.1399
8.8728,1.1349
8.8733,1.1349
8.8739,1.1349
8.8744,1.1399
8.8750,1.1349
8.8755,1.1399
8.8761,1.1399
8.8766,1.1399
8.8772,1.1399
8.8777,1.1349
8.8783,1.1399
8.8788,1.1349
8.8794,1.1349
8.8799,1.1349
8.8805,1.1399
8.8810,1.1399
8.8816,1.1349
8.8821,1.1399
8.8827,1.1299
8.8832,1.1399
8.8838,1.1399
8.8843,1.1399
8.8849,1.1349
8.8854,1.1349
8.8860,1.1399
8.8865,1.1349
8.8871,1.1349
8.8876,1.1349
8.8882,1.1399
8.8887,1.1349
8.8893,1.1349
8.8898,1.1349
8.8904,1.1399
8.8910,1.1349
8.8915,1.1399
8.8921,1.1399
8.8926,1.1450
8.8932,1.1349
8.8937,1.1349
8.8943,1.1349
8.8948,1.1399
8.8954,1.1399
8.8959,1.1399
8.8965,1.1349
8.8970,1.1399
8.8976,1.1399
8.8981,1.1349
8.8987,1.1399
8.8992,1.1349
8.8998,1.1349
8.9004,1.1399
8.9009,1.1349
8.9015,1.1399
8.9020,1.1450
8.9026,1.1349
8.9031,1.1349
8.9037,1.1349
8.9042,1.1399
8.9048,1.1399
8.9053,1.1399
8.9059,1.1399
8.9064,1.1399
8.9070,1.1399
8.9075,1.1399
8.9081,1.1399
8.9086,1.1399
8.9092,1.1299
8.9097,1.1399
8.9103,1.1399
8.9109,1.1450
8.9114,1.1349
8.9120,1.1399
8.9125,1.1399
8.9131,1.1349
8.9136,1.1399
8.9142,1.1399
8.9147,1.1349
8.9153,1.1399
8.9158,1.1349
8.9164,1.1399
8.9169,1.1399
8.9175,1.1399
8.9180,1.1399
8.9186,1.1399
8.9191,1.1349
8.9197,1.1399
8.9202,1.1399
8.9208,1.1399
8.9213,1.1349
8.9219,1.1399
8.9224,1.1399
8.9230,1.1349
8.9235,1.1349
8.9241,1.1349
8.9246,1.1349
8.9252,1.1349
8.9257,1.1399
8.9263,1.1349
8.9268,1.1349
8.9274,1.1399
8.9279,1.1399
8.9285,1.1399
8.9290,1.1349
8.9296,1.1349
8.9301,1.1399
8.9307,1.1399
8.9312,1.1399
8.9318,1.1399
8.9323,1.1399
8.9329,1.1349
8.9334,1.1399
8.9340,1.1399
8.9345,1.1399
8.9351,1.1349
8.9356,1.1399
8.9362,1.1349
8.9367,1.1399
8.9373,1.1349
8.9378,1.1399
8.9384,1.1399
8.9389,1.1399
8.9395,1.1399
8.9400,1.1399
8.9406,1.1399
8.9411,1.1349
8.9417,1.1399
8.9422,1.1399
8.9428,1.1399
8.9434,1.1399
8.9439,1.1349
8.9444,1.1399
8.9450,1.1349
8.9455,1.1349
8.9461,1.1399
8.9467,1.1399
8.9472,1.1399
8.9478,1.1399
8.9483,1.1399
8.9489,1.1399
8.9494,1.1399
8.9500,1.1349
8.9505,1.1349
8.9511,1.1399
8.9516,1.1399
8.9522,1.1349
8.9527,1.1399
8.9533,1.1399
8.9538,1.1349
8.9544,1.1399
8.9549,1.1399
8.9555,1.1399
8.9560,1.1349
8.9566,1.1450
8.9571,1.1399
8.9577,1.1399
8.9582,1.1349
8.9588,1.1349
8.9593,1.1399
8.9599,1.1399
8.9604,1.1349
8.9610,1.1399
8.9615,1.1399
8.9621,1.1399
8.9626,1.1349
8.9632,1.1450
8.9637,1.1349
8.9643,1.1450
8.9648,1.1399
8.9654,1.1349
8.9659,1.1399
8.9665,1.1450
8.9670,1.1349
8.9676,1.1399
8.9681,1.1399
8.9687,1.1399
8.9692,1.1450
8.9698,1.1349
8.9703,1.1349
8.9709,1.1399
8.9714,1.1399
8.9720,1.1399
8.9725,1.1349
8.9731,1.1349
8.9736,1.1450
8.9742,1.1349
8.9748,1.1450
8.9753,1.1299
8.9759,1.1450
8.9764,1.1349
8.9770,1.1399
8.9775,1.1399
8.9781,1.1349
8.9786,1.1399
8.9792,1.1349
8.9797,1.1349
8.9803,1.1399
8.9808,1.1399
8.9814,1.1349
8.9819,1.1399
8.9825,1.1399
8.9830,1.1399
8.9836,1.1399
8.9841,1.1399
8.9847,1.1399
8.9852,1.1349
8.9858,1.1299
8.9863,1.1349
8.9869,1.1399
8.9874,1.1399
8.9880,1.1349
8.9885,1.1349
8.9891,1.1349
8.9896,1.1349
8.9902,1.1349
8.9907,1.1349
8.9913,1.1399
8.9918,1.1349
8.9924,1.1399
8.9929,1.1299
8.9935,1.1399
8.9940,1.1349
8.9946,1.1349
8.9951,1.1399
8.9957,1.1349
8.9962,1.1399
8.9968,1.1349
8.9974,1.1399
8.9979,1.1299
8.9985,1.1399
8.9990,1.1349
8.9996,1.1399
9.0001,1.1399
9.0007,1.1349
9.0012,1.1349
9.0018,1.1399
9.0023,1.1399
9.0029,1.1349
9.0034,1.1399
9.0040,1.1399
9.0045,1.1399
9.0051,1.1399
9.0056,1.1349
9.0062,1.1399
9.0067,1.1349
9.0073,1.1349
9.0078,1.1399
9.0084,1.1349
9.0089,1.1399
9.0095,1.1399
9.0100,1.1399
9.0106,1.1349
9.0111,1.1399
9.0117,1.1349
9.0122,1.1399
9.0128,1.1349
9.0133,1.1349
9.0139,1.1399
9.0144,1.1399
9.0150,1.1399
9.0155,1.1399
9.0161,1.1349
9.0166,1.1399
9.0172,1.1399
9.0177,1.1399
9.0183,1.1399
9.0188,1.1399
9.0194,1.1349
9.0199,1.1349
9.0205,1.1399
9.0210,1.1349
9.0216,1.1399
9.0221,1.1399
9.0227,1.1399
9.0232,1.1399
9.0238,1.1349
9.0243,1.1399
9.0249,1.1399
9.0254,1.1399
9.0260,1.1349
9.0265,1.1399
9.0271,1.1399
9.0276,1.1399
9.0282,1.1349
9.0287,1.1399
9.0293,1.1399
9.0299,1.1399
9.0304,1.1399
9.0310,1.1399
9.0315,1.1399
9.0321,1.1399
9.0326,1.1349
9.0332,1.1399
9.0337,1.1299
9.0343,1.1399
9.0348,1.1399
9.0354,1.1349
9.0359,1.1399
9.0365,1.1399
9.0370,1.1399
9.0376,1.1399
9.0381,1.1399
9.0387,1.1399
9.0392,1.1399
9.0398,1.1399
9.0403,1.1349
9.0409,1.1399
9.0414,1.1399
9.0420,1.1399
9.0425,1.1349
9.0431,1.1399
9.0436,1.1399
9.0442,1.1399
9.0448,1.1399
9.0453,1.1399
9.0459,1.1399
9.0464,1.1349
9.0470,1.1399
9.0475,1.1399
9.0481,1.1399
9.0486,1.1399
9.0492,1.1399
9.0497,1.1399
9.0503,1.1399
9.0508,1.1349
9.0514,1.1399
9.0519,1.1399
9.0525,1.1399
9.0530,1.1349
9.0536,1.1349
9.0541,1.1399
9.0547,1.1399
9.0552,1.1349
9.0558,1.1399
9.0563,1.1399
9.0569,1.1399
9.0574,1.1349
9.0580,1.1349
9.0585,1.1399
9.0591,1.1299
9.0596,1.1349
9.0602,1.1450
9.0607,1.1349
9.0613,1.1349
9.0618,1.1349
9.0624,1.1349
9.0629,1.1399
9.0635,1.1399
9.0640,1.1399
9.0646,1.1349
9.0651,1.1349
9.0657,1.1399
9.0662,1.1349
9.0668,1.1399
9.0674,1.1450
9.0679,1.1349
9.0685,1.1349
9.0690,1.1399
9.0696,1.1399
9.0701,1.1450
9.0707,1.1399
9.0712,1.1399
9.0718,1.1399
9.0723,1.1399
9.0729,1.1399
9.0734,1.1399
9.0740,1.1399
9.0745,1.1399
9.0751,1.1349
9.0756,1.1399
9.0762,1.1349
9.0767,1.1349
9.0773,1.1399
9.0778,1.1399
9.0784,1.1399
9.0789,1.1349
9.0795,1.1399
9.0800,1.1399
9.0806,1.1399
9.0811,1.1399
9.0817,1.1399
9.0822,1.1399
9.0828,1.1349
9.0833,1.1349
9.0839,1.1399
9.0844,1.1399
9.0850,1.1349
9.0855,1.1349
9.0861,1.1399
9.0866,1.1349
9.0872,1.1399
9.0877,1.1399
9.0883,1.1399
9.0888,1.1349
9.0894,1.1399
9.0899,1.1399
9.0905,1.1349
9.0910,1.1399
9.0916,1.1349
9.0921,1.1349
9.0927,1.1349
9.0932,1.1399
9.0938,1.1399
9.0943,1.1349
9.0949,1.1399
9.0954,1.1399
9.0960,1.1399
9.0965,1.1349
9.0971,1.1399
9.0977,1.1399
9.0982,1.1399
9.0988,1.1399
9.0993,1.1349
9.0999,1.1349
9.1004,1.1399
9.1010,1.1299
9.1015,1.1399
9.1021,1.1349
9.1026,1.1349
9.1032,1.1399
9.1037,1.1399
9.1043,1.1399
9.1048,1.1399
9.1054,1.1349
9.1059,1.1399
9.1065,1.1349
9.1070,1.1399
9.1076,1.1349
9.1081,1.1399
9.1087,1.1399
9.1092,1.1399
9.1098,1.1399
9.1103,1.1349
9.1109,1.1349
9.1114,1.1349
9.1120,1.1399
9.1125,1.1349
9.1131,1.1399
9.1136,1.1399
9.1142,1.1399
9.1148,1.1399
9.1153,1.1349
9.1159,1.1399
9.1164,1.1399
9.1170,1.1349
9.1175,1.1399
9.1181,1.1349
9.1186,1.1399
9.1192,1.1399
9.1197,1.1399
9.1203,1.1399
9.1208,1.1399
9.1214,1.1349
9.1219,1.1399
9.1225,1.1349
9.1230,1.1399
9.1236,1.1349
9.1241,1.1399
9.1247,1.1399
9.1252,1.1450
9.1258,1.1399
9.1263,1.1399
9.1269,1.1349
9.1275,1.1399
9.1281,1.1399
9.1287,1.1349
9.1292,1.1349
9.1299,1.1399
9.1305,1.1399
9.1310,1.1399
9.1316,1.1349
9.1322,1.1349
9.1327,1.1349
9.1333,1.1399
9.1339,1.1399
9.1344,1.1349
9.1350,1.1399
9.1356,1.1399
9.1361,1.1399
9.1367,1.1399
9.1373,1.1399
9.1378,1.1349
9.1384,1.1399
9.1389,1.1349
9.1395,1.1349
9.1400,1.1349
9.1406,1.1399
9.1411,1.1399
9.1417,1.1399
9.1423,1.1399
9.1429,1.1399
9.1434,1.1399
9.1440,1.1399
9.1446,1.1450
9.1452,1.1349
9.1458,1.1399
9.1464,1.1349
9.1470,1.1399
9.1475,1.1399
9.1481,1.1399
9.1487,1.1399
9.1493,1.1399
9.1500,1.1399
9.1505,1.1399
9.1511,1.1399
9.1517,1.1399
9.1523,1.1349
9.1528,1.1399
9.1534,1.1349
9.1539,1.1399
9.1545,1.1399
9.1550,1.1399
9.1556,1.1349
9.1561,1.1399
9.1567,1.1399
9.1572,1.1349
9.1578,1.1399
9.1583,1.1399
9.1589,1.1399
9.1595,1.1399
9.1600,1.1349
9.1606,1.1399
9.1612,1.1349
9.1617,1.1349
9.1623,1.1349
9.1628,1.1349
9.1634,1.1349
9.1639,1.1349
9.1645,1.1399
9.1650,1.1399
9.1656,1.1349
9.1661,1.1399
9.1667,1.1349
9.1672,1.1399
9.1678,1.1399
9.1683,1.1349
9.1689,1.1349
9.1694,1.1349
9.1700,1.1399
9.1705,1.1399
9.1711,1.1299
9.1716,1.1399
9.1722,1.1399
9.1727,1.1349
9.1733,1.1399
9.1738,1.1349
9.1744,1.1399
9.1749,1.1349
9.1755,1.1349
9.1761,1.1349
9.1766,1.1349
9.1772,1.1399
9.1777,1.1399
9.1783,1.1349
9.1788,1.1349
9.1794,1.1399
9.1799,1.1349
9.1805,1.1349
9.1810,1.1399
9.1816,1.1450
9.1821,1.1349
9.1827,1.1399
9.1832,1.1399
9.1838,1.1450
9.1843,1.1399
9.1849,1.1349
9.1854,1.1349
9.1860,1.1399
9.1866,1.1399
9.1871,1.1399
9.1877,1.1399
9.1882,1.1399
9.1888,1.1399
9.1893,1.1349
9.1899,1.1399
9.1904,1.1349
9.1910,1.1399
9.1915,1.1399
9.1921,1.1349
9.1926,1.1399
9.1932,1.1399
9.1937,1.1349
9.1943,1.1399
9.1948,1.1349
9.1954,1.1399
9.1959,1.1299
9.1965,1.1399
9.1970,1.1399
9.1977,1.1349
9.1983,1.1349
9.1988,1.1349
9.1994,1.1349
9.1999,1.1399
9.2005,1.1349
9.2010,1.1399
9.2015,1.1349
9.2021,1.1349
9.2026,1.1349
9.2032,1.1349
9.2037,1.1349
9.2043,1.1399
9.2048,1.1399
9.2053,1.1349
9.2059,1.1349
9.2064,1.1349
9.2070,1.1399
9.2075,1.1349
9.2081,1.1399
9.2086,1.1399
9.2092,1.1349
9.2097,1.1349
9.2102,1.1450
9.2108,1.1349
9.2113,1.1399
9.2119,1.1399
9.2124,1.1399
9.2130,1.1399
9.2135,1.1399
9.2140,1.1399
9.2146,1.1349
9.2151,1.1399
9.2157,1.1349
9.2162,1.1399
9.2168,1.1349
9.2173,1.1399
9.2179,1.1349
9.2184,1.1399
9.2189,1.1349
9.2195,1.1349
9.2200,1.1299
9.2206,1.1399
9.2211,1.1399
9.2217,1.1399
9.2222,1.1349
9.2227,1.1399
9.2233,1.1349
9.2238,1.1399
9.2244,1.1399
9.2249,1.1349
9.2255,1.1349
9.2260,1.1399
9.2266,1.1399
9.2271,1.1349
9.2276,1.1399
9.2282,1.1349
9.2287,1.1349
9.2293,1.1349
9.2298,1.1349
9.2304,1.1349
9.2309,1.1399
9.2314,1.1399
9.2320,1.1399
9.2325,1.1349
9.2331,1.1399
9.2336,1.1349
9.2342,1.1450
9.2347,1.1349
9.2353,1.1349
9.2358,1.1399
9.2363,1.1349
9.2369,1.1349
9.2374,1.1399
9.2380,1.1399
9.2385,1.1349
9.2391,1.1399
9.2396,1.1399
9.2401,1.1399
9.2407,1.1399
9.2412,1.1349
9.2418,1.1399
9.2423,1.1399
9.2429,1.1349
9.2434,1.1349
9.2440,1.1399
9.2445,1.1399
9.2450,1.1349
9.2456,1.1349
9.2461,1.1349
9.2467,1.1399
9.2472,1.1299
9.2478,1.1349
9.2483,1.1399
9.2488,1.1349
9.2494,1.1399
9.2499,1.1349
9.2505,1.1399
9.2510,1.1349
9.2516,1.1399
9.2521,1.1349
9.2526,1.1349
9.2532,1.1399
9.2537,1.1349
9.2543,1.1399
9.2548,1.1399
9.2579,1.1399
9.2585,1.1399
9.2591,1.1349
9.2597,1.1399
9.2603,1.1399
9.2609,1.1399
9.2615,1.1450
9.2620,1.1399
9.2626,1.1349
9.2632,1.1399
9.2637,1.1349
9.2643,1.1399
9.2648,1.1399
9.2654,1.1399
9.2659,1.1399
9.2665,1.1399
9.2670,1.1399
9.2676,1.1399
9.2681,1.1399
9.2687,1.1399
9.2692,1.1399
9.2698,1.1399
9.2703,1.1399
9.2709,1.1349
9.2714,1.1399
9.2719,1.1349
9.2725,1.1349
9.2730,1.1399
9.2736,1.1349
9.2741,1.1349
9.2747,1.1349
9.2752,1.1349
9.2758,1.1349
9.2763,1.1399
9.2769,1.1399
9.2774,1.1349
9.2780,1.1399
9.2785,1.1399
9.2791,1.1299
9.2796,1.1349
9.2802,1.1349
9.2807,1.1349
9.2812,1.1399
9.2818,1.1399
9.2823,1.1399
9.2829,1.1399
9.2834,1.1349
9.2840,1.1399
9.2845,1.1399
9.2850,1.1399
9.2856,1.1349
9.2861,1.1399
9.2867,1.1399
9.2872,1.1399
9.2878,1.1349
9.2883,1.1399
9.2889,1.1399
9.2894,1.1349
9.2899,1.1349
9.2905,1.1349
9.2910,1.1349
9.2916,1.1399
9.2921,1.1299
9.2927,1.1399
9.2932,1.1349
9.2938,1.1349
9.2943,1.1349
9.2948,1.1399
9.2954,1.1349
9.2959,1.1349
9.2965,1.1349
9.2970,1.1399
9.2976,1.1399
9.2983,1.1399
9.2988,1.1399
9.2994,1.1349
9.2999,1.1349
9.3005,1.1399
9.3010,1.1349
9.3016,1.1349
9.3021,1.1399
9.3027,1.1349
9.3032,1.1399
9.3038,1.1399
9.3043,1.1349
9.3049,1.1399
9.3054,1.1349
9.3060,1.1399
9.3065,1.1399
9.3071,1.1399
9.3076,1.1399
9.3082,1.1399
9.3087,1.1399
9.3093,1.1349
9.3098,1.1399
9.3104,1.1299
9.3109,1.1399
9.3115,1.1349
9.3120,1.1349
9.3126,1.1399
9.3131,1.1399
9.3137,1.1399
9.3142,1.1399
9.3148,1.1349
9.3153,1.1399
9.3159,1.1399
9.3164,1.1399
9.3170,1.1399
9.3175,1.1349
9.3181,1.1399
9.3186,1.1399
9.3192,1.1349
9.3197,1.1399
9.3203,1.1399
9.3208,1.1399
9.3214,1.1349
9.3219,1.1349
9.3225,1.1349
9.3230,1.1349
9.3236,1.1399
9.3241,1.1399
9.3247,1.1349
9.3252,1.1349
9.3258,1.1349
9.3263,1.1349
9.3269,1.1399
9.3274,1.1399
9.3280,1.1349
9.3286,1.1349
9.3291,1.1399
9.3297,1.1349
9.3302,1.1349
9.3308,1.1399
9.3313,1.1349
9.3319,1.1399
9.3324,1.1349
9.3330,1.1349
9.3335,1.1399
9.3341,1.1399
9.3346,1.1399
9.3352,1.1299
9.3357,1.1349
9.3363,1.1349
9.3368,1.1399
9.3374,1.1399
9.3379,1.1399
9.3385,1.1349
9.3390,1.1399
9.3396,1.1349
9.3401,1.1399
9.3407,1.1399
9.3412,1.1349
9.3418,1.1399
9.3423,1.1399
9.3429,1.1349
9.3434,1.1399
9.3440,1.1349
9.3445,1.1349
9.3451,1.1399
9.3456,1.1450
9.3462,1.1399
9.3467,1.1399
9.3473,1.1349
9.3478,1.1349
9.3484,1.1399
9.3489,1.1349
9.3495,1.1349
9.3500,1.1349
9.3506,1.1399
9.3511,1.1399
9.3517,1.1349
9.3522,1.1399
9.3528,1.1399
9.3533,1.1399
9.3539,1.1399
9.3544,1.1349
9.3550,1.1399
9.3555,1.1399
9.3561,1.1399
9.3566,1.1349
9.3572,1.1399
9.3577,1.1399
9.3583,1.1399
9.3588,1.1349
9.3594,1.1399
9.3599,1.1399
9.3605,1.1399
9.3610,1.1349
9.3616,1.1349
9.3621,1.1349
9.3627,1.1399
9.3632,1.1399
9.3638,1.1399
9.3643,1.1349
9.3649,1.1399
9.3654,1.1399
9.3660,1.1349
9.3665,1.1349
9.3671,1.1349
9.3676,1.1399
9.3682,1.1399
9.3687,1.1399
9.3693,1.1399
9.3698,1.1399
9.3704,1.1399
9.3709,1.1399
9.3715,1.1349
9.3720,1.1349
9.3726,1.1399
9.3731,1.1399
9.3737,1.1349
9.3742,1.1349
9.3748,1.1399
9.3753,1.1399
9.3759,1.1399
9.3764,1.1349
9.3770,1.1399
9.3775,1.1399
9.3781,1.1399
9.3786,1.1399
9.3792,1.1399
9.3797,1.1399
9.3803,1.1399
9.3808,1.1349
9.3814,1.1399
9.3819,1.1349
9.3825,1.1399
9.3830,1.1399
9.3836,1.1399
9.3841,1.1399
9.3847,1.1399
9.3852,1.1399
9.3858,1.1349
9.3863,1.1349
9.3869,1.1299
9.3874,1.1349
9.3880,1.1299
9.3885,1.1349
9.3891,1.1349
9.3896,1.1399
9.3902,1.1399
9.3907,1.1399
9.3913,1.1349
9.3918,1.1399
9.3924,1.1349
9.3929,1.1399
9.3935,1.1349
9.3940,1.1399
9.3946,1.1349
9.3951,1.1349
9.3957,1.1399
9.3962,1.1399
9.3968,1.1399
9.3973,1.1349
9.3979,1.1399
9.3985,1.1399
9.3990,1.1299
9.3996,1.1399
9.4001,1.1349
9.4007,1.1399
9.4012,1.1399
9.4018,1.1399
9.4023,1.1349
9.4029,1.1399
9.4034,1.1349
9.4040,1.1399
9.4045,1.1349
9.4051,1.1399
9.4056,1.1349
9.4062,1.1399
9.4067,1.1399
9.4073,1.1399
9.4078,1.1349
9.4084,1.1399
9.4089,1.1349
9.4095,1.1399
9.4100,1.1349
9.4106,1.1399
9.4112,1.1349
9.4117,1.1399
9.4123,1.1399
9.4128,1.1399
9.4134,1.1399
9.4139,1.1399
9.4145,1.1399
9.4150,1.1399
9.4156,1.1349
9.4161,1.1399
9.4167,1.1349
9.4172,1.1349
9.4178,1.1349
9.4183,1.1349
9.4189,1.1399
9.4194,1.1349
9.4200,1.1399
9.4205,1.1399
9.4211,1.1399
9.4216,1.1399
9.4222,1.1399
9.4227,1.1399
9.4233,1.1349
9.4238,1.1349
9.4244,1.1349
9.4249,1.1399
9.4255,1.1399
9.4260,1.1349
9.4266,1.1399
9.4271,1.1349
9.4277,1.1399
9.4282,1.1399
9.4288,1.1399
9.4293,1.1349
9.4299,1.1399
9.4304,1.1349
9.4310,1.1349
9.4315,1.1399
9.4321,1.1349
9.4326,1.1399
9.4332,1.1349
9.4337,1.1399
9.4343,1.1399
9.4348,1.1349
9.4354,1.1349
9.4359,1.1349
9.4365,1.1349
9.4370,1.1399
9.4376,1.1399
9.4381,1.1399
9.4387,1.1399
9.4392,1.1349
9.4398,1.1349
9.4403,1.1399
9.4409,1.1399
9.4414,1.1399
9.4420,1.1399
9.4425,1.1399
9.4431,1.1399
9.4436,1.1299
9.4442,1.1349
9.4447,1.1399
9.4453,1.1399
9.4458,1.1349
9.4464,1.1399
9.4469,1.1399
9.4475,1.1399
9.4480,1.1399
9.4486,1.1399
9.4491,1.1399
9.4497,1.1399
9.4502,1.1399
9.4508,1.1399
9.4513,1.1399
9.4519,1.1399
9.4524,1.1349
9.4530,1.1399
9.4535,1.1399
9.4541,1.1399
9.4546,1.1349
9.4552,1.1399
9.4557,1.1349
9.4563,1.1349
9.4568,1.1399
9.4574,1.1349
9.4579,1.1349
9.4585,1.1399
9.4590,1.1349
9.4596,1.1399
9.4601,1.1349
9.4607,1.1399
9.4612,1.1399
9.4618,1.1399
9.4623,1.1349
9.4629,1.1399
9.4634,1.1349
9.4640,1.1399
9.4645,1.1399
9.4651,1.1399
9.4656,1.1399
9.4662,1.1399
9.4667,1.1349
9.4673,1.1349
9.4679,1.1349
9.4684,1.1399
9.4690,1.1399
9.4695,1.1399
9.4701,1.1399
9.4706,1.1349
9.4712,1.1299
9.4717,1.1399
9.4723,1.1349
9.4728,1.1349
9.4734,1.1399
9.4739,1.1399
9.4745,1.1399
9.4750,1.1399
9.4756,1.1349
9.4761,1.1399
9.4767,1.1349
9.4772,1.1399
9.4778,1.1399
9.4783,1.1349
9.4789,1.1399
9.4794,1.1399
9.4800,1.1399
9.4805,1.1399
9.4811,1.1399
9.4816,1.1399
9.4822,1.1399
9.4827,1.1399
9.4833,1.1399
9.4838,1.1399
9.4844,1.1399
9.4849,1.1349
9.4855,1.1399
9.4860,1.1349
9.4866,1.1349
9.4871,1.1399
9.4877,1.1349
9.4882,1.1349
9.4888,1.1399
9.4893,1.1399
9.4899,1.1349
9.4904,1.1399
9.4910,1.1399
9.4915,1.1349
9.4921,1.1349
9.4926,1.1399
9.4932,1.1349
9.4937,1.1349
9.4943,1.1349
9.4948,1.1399
9.4954,1.1349
9.4959,1.1399
9.4965,1.1349
9.4970,1.1399
9.4976,1.1399
9.4981,1.1399
9.4987,1.1399
9.4992,1.1399
9.4998,1.1399
9.5004,1.1399
9.5009,1.1399
9.5015,1.1349
9.5020,1.1399
9.5026,1.1349
9.5031,1.1349
9.5037,1.1349
9.5042,1.1399
9.5048,1.1399
9.5053,1.1399
9.5059,1.1450
9.5064,1.1399
9.5070,1.1349
9.5075,1.1399
9.5081,1.1349
9.5086,1.1399
9.5091,1.1349
9.5097,1.1349
9.5103,1.1349
9.5108,1.1399
9.5114,1.1399
9.5119,1.1399
9.5125,1.1399
9.5130,1.1399
9.5136,1.1399
9.5141,1.1399
9.5147,1.1349
9.5152,1.1399
9.5158,1.1399
9.5163,1.1349
9.5169,1.1349
9.5174,1.1349
9.5180,1.1349
9.5185,1.1349
9.5191,1.1399
9.5196,1.1399
9.5202,1.1349
9.5207,1.1349
9.5213,1.1399
9.5218,1.1299
9.5224,1.1349
9.5229,1.1399
9.5235,1.1399
9.5240,1.1349
9.5246,1.1399
9.5251,1.1399
9.5257,1.1399
9.5262,1.1349
9.5268,1.1349
9.5273,1.1349
9.5278,1.1399
9.5284,1.1399
9.5290,1.1349
9.5295,1.1349
9.5301,1.1349
9.5306,1.1349
9.5312,1.1399
9.5317,1.1349
9.5323,1.1399
9.5328,1.1399
9.5334,1.1399
9.5339,1.1399
9.5345,1.1349
9.5350,1.1349
9.5356,1.1349
9.5361,1.1349
9.5367,1.1349
9.5372,1.1349
9.5378,1.1399
9.5384,1.1399
9.5389,1.1399
9.5395,1.1399
9.5400,1.1399
9.5406,1.1299
9.5411,1.1399
9.5417,1.1399
9.5422,1.1399
9.5428,1.1399
9.5433,1.1399
9.5439,1.1399
9.5444,1.1349
9.5450,1.1349
9.5455,1.1349
9.5461,1.1399
9.5466,1.1399
9.5472,1.1399
9.5477,1.1349
9.5483,1.1399
9.5488,1.1399
9.5494,1.1399
9.5499,1.1299
9.5505,1.1399
9.5510,1.1399
9.5516,1.1299
9.5521,1.1399
9.5527,1.1399
9.5532,1.1349
9.5538,1.1399
9.5543,1.1399
9.5549,1.1349
9.5554,1.1349
9.5560,1.1349
9.5565,1.1399
9.5571,1.1399
9.5576,1.1349
9.5582,1.1399
9.5587,1.1349
9.5593,1.1399
9.5598,1.1349
9.5604,1.1399
9.5610,1.1399
9.5615,1.1399
9.5621,1.1349
9.5626,1.1450
9.5632,1.1349
9.5637,1.1399
9.5643,1.1349
9.5648,1.1349
9.5654,1.1349
9.5659,1.1399
9.5665,1.1399
9.5670,1.1450
9.5676,1.1349
9.5681,1.1349
9.5687,1.1399
9.5692,1.1399
9.5698,1.1399
9.5703,1.1349
9.5709,1.1349
9.5714,1.1399
9.5720,1.1399
9.5725,1.1349
9.5731,1.1349
9.5736,1.1399
9.5742,1.1399
9.5747,1.1349
9.5753,1.1399
9.5758,1.1399
9.5764,1.1399
9.5769,1.1399
9.5775,1.1349
9.5780,1.1399
9.5786,1.1349
9.5791,1.1399
9.5797,1.1349
9.5802,1.1399
9.5808,1.1399
9.5813,1.1399
9.5819,1.1349
9.5824,1.1399
9.5830,1.1399
9.5835,1.1399
9.5841,1.1349
9.5846,1.1399
9.5852,1.1349
9.5857,1.1450
9.5863,1.1349
9.5868,1.1399
9.5874,1.1349
9.5879,1.1349
9.5885,1.1399
9.5890,1.1349
9.5896,1.1349
9.5901,1.1349
9.5907,1.1349
9.5912,1.1399
9.5918,1.1349
9.5923,1.1349
9.5929,1.1349
9.5934,1.1399
9.5940,1.1399
9.5945,1.1399
9.5951,1.1399
9.5956,1.1349
9.5962,1.1399
9.5967,1.1349
9.5973,1.1399
9.5978,1.1349
9.5984,1.1399
9.5989,1.1399
9.5995,1.1349
9.6001,1.1399
9.6006,1.1349
9.6012,1.1399
9.6017,1.1349
9.6023,1.1399
9.6028,1.1349
9.6034,1.1349
9.6039,1.1399
9.6045,1.1399
9.6050,1.1399
9.6056,1.1399
9.6061,1.1349
9.6067,1.1399
9.6072,1.1349
9.6078,1.1349
9.6083,1.1349
9.6089,1.1399
9.6094,1.1349
9.6100,1.1399
9.6106,1.1399
9.6111,1.1349
9.6117,1.1349
9.6122,1.1349
9.6128,1.1399
9.6133,1.1349
9.6139,1.1399
9.6144,1.1349
9.6150,1.1299
9.6155,1.1399
9.6161,1.1349
9.6166,1.1399
9.6171,1.1349
9.6177,1.1399
9.6182,1.1399
9.6188,1.1399
9.6193,1.1349
9.6199,1.1349
9.6205,1.1399
9.6210,1.1349
9.6216,1.1399
9.6221,1.1349
9.6226,1.1349
9.6232,1.1399
9.6237,1.1399
9.6243,1.1349
9.6248,1.1399
9.6254,1.1399
9.6259,1.1399
9.6270,1.1399
9.6276,1.1349
9.6300,1.1399
9.6306,1.1399
9.6312,1.1399
9.6318,1.1349
9.6323,1.1399
9.6329,1.1399
9.6334,1.1399
9.6340,1.1399
9.6346,1.1399
9.6351,1.1349
9.6357,1.1450
9.6362,1.1349
9.6368,1.1399
9.6373,1.1399
9.6379,1.1399
9.6384,1.1349
9.6390,1.1399
9.6395,1.1349
9.6401,1.1399
9.6407,1.1349
9.6412,1.1399
9.6418,1.1399
9.6423,1.1349
9.6429,1.1399
9.6435,1.1349
9.6441,1.1399
9.6447,1.1399
9.6452,1.1399
9.6458,1.1349
9.6463,1.1349
9.6469,1.1399
9.6475,1.1399
9.6480,1.1399
9.6486,1.1399
9.6492,1.1349
9.6497,1.1399
9.6503,1.1450
9.6509,1.1399
9.6514,1.1349
9.6520,1.1399
9.6525,1.1399
9.6531,1.1299
9.6536,1.1399
9.6542,1.1399
9.6547,1.1399
9.6553,1.1399
9.6558,1.1349
9.6564,1.1399
9.6569,1.1349
9.6575,1.1399
9.6580,1.1349
9.6585,1.1399
9.6591,1.1399
9.6597,1.1399
9.6602,1.1399
9.6608,1.1399
9.6613,1.1299
9.6619,1.1399
9.6624,1.1349
9.6630,1.1399
9.6635,1.1349
9.6641,1.1399
9.6646,1.1399
9.6652,1.1399
9.6657,1.1349
9.6662,1.1399
9.6668,1.1399
9.6673,1.1349
9.6679,1.1399
9.6684,1.1349
9.6690,1.1399
9.6695,1.1349
9.6701,1.1349
9.6706,1.1349
9.6712,1.1399
9.6717,1.1349
9.6723,1.1399
9.6728,1.1399
9.6734,1.1399
9.6739,1.1399
9.6744,1.1349
9.6750,1.1399
9.6755,1.1399
9.6761,1.1399
9.6767,1.1399
9.6772,1.1399
9.6777,1.1450
9.6783,1.1349
9.6788,1.1399
9.6794,1.1399
9.6799,1.1399
9.6805,1.1399
9.6811,1.1349
9.6816,1.1349
9.6822,1.1399
9.6827,1.1349
9.6833,1.1399
9.6838,1.1349
9.6843,1.1349
9.6849,1.1399
9.6854,1.1349
9.6860,1.1349
9.6865,1.1399
9.6871,1.1399
9.6876,1.1399
9.6882,1.1399
9.6887,1.1349
9.6893,1.1399
9.6898,1.1349
9.6904,1.1399
9.6909,1.1349
9.6915,1.1399
9.6920,1.1349
9.6926,1.1399
9.6931,1.1349
9.6937,1.1399
9.6942,1.1399
9.6948,1.1349
9.6953,1.1399
9.6959,1.1399
9.6964,1.1349
9.6970,1.1349
9.6975,1.1399
9.6981,1.1399
9.6986,1.1399
9.6992,1.1399
9.6997,1.1399
9.7004,1.1399
9.7010,1.1349
9.7015,1.1349
9.7021,1.1349
9.7026,1.1399
9.7032,1.1399
9.7037,1.1349
9.7043,1.1399
9.7048,1.1349
9.7053,1.1399
9.7059,1.1349
9.7064,1.1349
9.7070,1.1399
9.7075,1.1450
9.7081,1.1349
9.7086,1.1399
9.7092,1.1349
9.7097,1.1399
9.7102,1.1349
9.7108,1.1399
9.7113,1.1399
9.7119,1.1450
9.7124,1.1399
9.7130,1.1299
9.7135,1.1399
9.7141,1.1399
9.7146,1.1399
9.7151,1.1349
9.7157,1.1349
9.7162,1.1399
9.7168,1.1399
9.7173,1.1349
9.7179,1.1399
9.7184,1.1399
9.7189,1.1349
9.7195,1.1399
9.7200,1.1399
9.7206,1.1399
9.7211,1.1299
9.7217,1.1349
9.7222,1.1399
9.7228,1.1399
9.7233,1.1399
9.7238,1.1399
9.7244,1.1349
9.7249,1.1349
9.7255,1.1349
9.7260,1.1349
9.7266,1.1399
9.7271,1.1349
9.7277,1.1399
9.7282,1.1349
9.7287,1.1399
9.7293,1.1399
9.7299,1.1399
9.7304,1.1399
9.7310,1.1399
9.7315,1.1399
9.7320,1.1399
9.7326,1.1399
9.7331,1.1349
9.7337,1.1399
9.7342,1.1399
9.7348,1.1349
9.7353,1.1399
9.7358,1.1399
9.7364,1.1399
9.7369,1.1399
9.7375,1.1349
9.7380,1.1399
9.7386,1.1399
9.7391,1.1399
9.7397,1.1399
9.7402,1.1349
9.7408,1.1399
9.7413,1.1349
9.7418,1.1399
9.7424,1.1349
9.7429,1.1399
9.7435,1.1349
9.7440,1.1349
9.7446,1.1399
9.7451,1.1349
9.7456,1.1399
9.7462,1.1399
9.7467,1.1399
9.7473,1.1349
9.7478,1.1349
9.7484,1.1399
9.7489,1.1349
9.7495,1.1399
9.7500,1.1450
9.7506,1.1399
9.7511,1.1349
9.7517,1.1399
9.7522,1.1399
9.7527,1.1349
9.7533,1.1349
9.7538,1.1349
9.7544,1.1349
9.7549,1.1399
9.7554,1.1349
9.7560,1.1399
9.7565,1.1349
9.7571,1.1399
9.7576,1.1399
9.7582,1.1349
9.7587,1.1349
9.7592,1.1399
9.7598,1.1399
9.7603,1.1299
9.7609,1.1399
9.7614,1.1399
9.7620,1.1399
9.7625,1.1399
9.7631,1.1349
9.7636,1.1399
9.7641,1.1399
9.7647,1.1450
9.7652,1.1349
9.7658,1.1399
9.7663,1.1399
9.7669,1.1399
9.7674,1.1349
9.7679,1.1399
9.7685,1.1399
9.7690,1.1349
9.7696,1.1349
9.7701,1.1349
9.7707,1.1399
9.7712,1.1349
9.7718,1.1399
9.7723,1.1349
9.7728,1.1349
9.7734,1.1399
9.7739,1.1349
9.7745,1.1399
9.7750,1.1399
9.7756,1.1399
9.7761,1.1399
9.7767,1.1399
9.7772,1.1349
9.7777,1.1399
9.7783,1.1349
9.7788,1.1299
9.7794,1.1399
9.7799,1.1349
9.7805,1.1349
9.7810,1.1349
9.7816,1.1399
9.7821,1.1399
9.7826,1.1349
9.7832,1.1399
9.7837,1.1349
9.7843,1.1399
9.7848,1.1349
9.7854,1.1349
9.7859,1.1349
9.7864,1.1399
9.7870,1.1399
9.7875,1.1399
9.7881,1.1399
9.7886,1.1349
9.7892,1.1399
9.7897,1.1399
9.7903,1.1399
9.7908,1.1399
9.7913,1.1399
9.7919,1.1349
9.7924,1.1349
9.7930,1.1399
9.7935,1.1349
9.7941,1.1399
9.7946,1.1399
9.7952,1.1349
9.7957,1.1399
9.7962,1.1349
9.7968,1.1349
9.7973,1.1399
9.7979,1.1349
9.7984,1.1399
9.7990,1.1399
9.7995,1.1349
9.8001,1.1399
9.8007,1.1349
9.8012,1.1399
9.8018,1.1399
9.8023,1.1399
9.8029,1.1349
9.8034,1.1349
9.8040,1.1349
9.8045,1.1399
9.8051,1.1349
9.8056,1.1399
9.8062,1.1399
9.8067,1.1399
9.8073,1.1349
9.8078,1.1349
9.8084,1.1399
9.8089,1.1349
9.8095,1.1399
9.8101,1.1349
9.8106,1.1399
9.8112,1.1399
9.8117,1.1399
9.8123,1.1349
9.8128,1.1399
9.8134,1.1349
9.8139,1.1399
9.8145,1.1399
9.8150,1.1349
9.8156,1.1399
9.8161,1.1399
9.8167,1.1349
9.8172,1.1399
9.8178,1.1399
9.8183,1.1399
9.8189,1.1349
9.8194,1.1349
9.8200,1.1399
9.8206,1.1399
9.8211,1.1399
9.8217,1.1399
9.8222,1.1399
9.8228,1.1349
9.8233,1.1399
9.8239,1.1399
9.8244,1.1349
9.8250,1.1349
9.8255,1.1399
9.8261,1.1349
9.8266,1.1399
9.8272,1.1349
9.8277,1.1399
9.8283,1.1349
9.8288,1.1399
9.8294,1.1349
9.8299,1.1399
9.8305,1.1399
9.8310,1.1349
9.8316,1.1349
9.8321,1.1399
9.8327,1.1399
9.8332,1.1399
9.8338,1.1349
9.8343,1.1299
9.8349,1.1349
9.8354,1.1399
9.8360,1.1399
9.8365,1.1399
9.8371,1.1399
9.8376,1.1399
9.8382,1.1349
9.8387,1.1349
9.8393,1.1399
9.8399,1.1399
9.8404,1.1399
9.8410,1.1399
9.8415,1.1399
9.8421,1.1399
9.8426,1.1349
9.8432,1.1349
9.8437,1.1349
9.8443,1.1349
9.8448,1.1399
9.8454,1.1349
9.8459,1.1399
9.8465,1.1399
9.8470,1.1399
9.8476,1.1349
9.8481,1.1349
9.8487,1.1399
9.8492,1.1349
9.8498,1.1349
9.8503,1.1399
9.8509,1.1399
9.8514,1.1399
9.8520,1.1399
9.8525,1.1399
9.8531,1.1349
9.8536,1.1349
9.8542,1.1399
9.8547,1.1349
9.8553,1.1399
9.8559,1.1399
9.8565,1.1349
9.8571,1.1399
9.8577,1.1349
9.8582,1.1399
9.8588,1.1399
9.8594,1.1399
9.8600,1.1399
9.8606,1.1399
9.8611,1.1349
9.8617,1.1349
9.8623,1.1399
9.8628,1.1399
9.8634,1.1349
9.8640,1.1399
9.8645,1.1399
9.8651,1.1349
9.8657,1.1349
9.8662,1.1349
9.8668,1.1399
9.8674,1.1299
9.8679,1.1399
9.8685,1.1349
9.8690,1.1399
9.8696,1.1399
9.8701,1.1399
9.8707,1.1349
9.8712,1.1399
9.8717,1.1399
9.8723,1.1399
9.8728,1.1349
9.8734,1.1399
9.8739,1.1399
9.8745,1.1399
9.8750,1.1349
9.8756,1.1399
9.8761,1.1349
9.8767,1.1399
9.8772,1.1399
9.8778,1.1399
9.8783,1.1399
9.8789,1.1399
9.8794,1.1399
9.8800,1.1399
9.8805,1.1399
9.8811,1.1399
9.8816,1.1399
9.8822,1.1349
9.8827,1.1399
9.8832,1.1399
9.8838,1.1399
9.8843,1.1399
9.8849,1.1349
9.8854,1.1399
9.8860,1.1399
9.8865,1.1299
9.8871,1.1399
9.8876,1.1399
9.8882,1.1399
9.8887,1.1399
9.8893,1.1450
9.8899,1.1399
9.8904,1.1399
9.8910,1.1349
9.8915,1.1399
9.8921,1.1399
9.8926,1.1399
9.8932,1.1349
9.8937,1.1399
9.8942,1.1399
9.8948,1.1349
9.8953,1.1399
9.8959,1.1399
9.8964,1.1299
9.8970,1.1349
9.8975,1.1349
9.8981,1.1399
9.8986,1.1349
9.8992,1.1399
9.8997,1.1399
9.9003,1.1399
9.9008,1.1399
9.9014,1.1349
9.9019,1.1349
9.9025,1.1399
9.9030,1.1349
9.9036,1.1349
9.9041,1.1399
9.9047,1.1349
9.9052,1.1349
9.9057,1.1399
9.9063,1.1399
9.9068,1.1399
9.9074,1.1399
9.9079,1.1399
9.9085,1.1399
9.9090,1.1349
9.9096,1.1399
9.9101,1.1399
9.9107,1.1399
9.9112,1.1399
9.9118,1.1349
9.9123,1.1349
9.9129,1.1399
9.9134,1.1349
9.9139,1.1349
9.9145,1.1399
9.9150,1.1349
9.9156,1.1349
9.9161,1.1349
9.9167,1.1450
9.9172,1.1399
9.9178,1.1349
9.9183,1.1349
9.9189,1.1349
9.9194,1.1399
9.9200,1.1399
9.9205,1.1399
9.9210,1.1299
9.9216,1.1349
9.9221,1.1349
9.9227,1.1399
9.9232,1.1399
9.9238,1.1399
9.9243,1.1399
9.9249,1.1349
9.9254,1.1399
9.9260,1.1349
9.9265,1.1349
9.9270,1.1349
9.9276,1.1349
9.9281,1.1349
9.9287,1.1399
9.9292,1.1349
9.9298,1.1349
9.9303,1.1349
9.9309,1.1399
9.9314,1.1399
9.9320,1.1399
9.9325,1.1349
9.9331,1.1399
9.9336,1.1399
9.9341,1.1349
9.9347,1.1349
9.9352,1.1349
9.9358,1.1450
9.9363,1.1399
9.9369,1.1399
9.9374,1.1349
9.9380,1.1349
9.9385,1.1349
9.9391,1.1399
9.9396,1.1349
9.9402,1.1349
9.9407,1.1349
9.9413,1.1349
9.9418,1.1399
9.9424,1.1399
9.9429,1.1399
9.9435,1.1299
9.9440,1.1399
9.9446,1.1349
9.9451,1.1399
9.9457,1.1399
9.9462,1.1399
9.9468,1.1349
9.9473,1.1399
9.9479,1.1349
9.9484,1.1399
9.9490,1.1399
9.9495,1.1399
9.9501,1.1399
9.9506,1.1399
9.9512,1.1349
9.9517,1.1399
9.9523,1.1399
9.9528,1.1349
9.9534,1.1399
9.9539,1.1349
9.9545,1.1349
9.9550,1.1399
9.9556,1.1349
9.9561,1.1349
9.9567,1.1399
9.9572,1.1450
9.9578,1.1349
9.9583,1.1399
9.9589,1.1399
9.9595,1.1349
9.9600,1.1399
9.9606,1.1349
9.9611,1.1399
9.9617,1.1349
9.9622,1.1399
9.9628,1.1349
9.9633,1.1349
9.9639,1.1399
9.9644,1.1399
9.9650,1.1349
9.9655,1.1349
9.9661,1.1349
9.9666,1.1399
9.9672,1.1349
9.9677,1.1399
9.9683,1.1349
9.9688,1.1399
9.9694,1.1349
9.9699,1.1349
9.9705,1.1399
9.9710,1.1349
9.9716,1.1349
9.9721,1.1349
9.9727,1.1349
9.9732,1.1399
9.9737,1.1399
9.9743,1.1349
9.9748,1.1399
9.9754,1.1349
9.9759,1.1399
9.9765,1.1349
9.9770,1.1349
9.9776,1.1349
9.9781,1.1399
9.9787,1.1399
9.9792,1.1399
9.9798,1.1399
9.9803,1.1399
9.9809,1.1349
9.9814,1.1349
9.9820,1.1399
9.9825,1.1399
9.9831,1.1399
9.9836,1.1349
9.9842,1.1399
9.9847,1.1349
9.9853,1.1349
9.9858,1.1349
9.9864,1.1349
9.9869,1.1349
9.9875,1.1349
9.9880,1.1399
9.9886,1.1399
9.9891,1.1399
9.9897,1.1349
9.9902,1.1349
9.9908,1.1399
9.9913,1.1349
9.9919,1.1399
9.9924,1.1349
9.9930,1.1399
9.9935,1.1399
9.9941,1.1349
9.9946,1.1399
9.9952,1.1399
9.9957,1.1349
9.9963,1.1399
9.9968,1.1349
9.9974,1.1399
9.9979,1.1399
9.9985,1.1349
9.9990,1.1399
9.9996,1.1299
10.0001,1.1399
10.0007,1.1399
10.0012,1.1399
10.0018,1.1399
10.0024,1.1399
10.0029,1.1399
10.0035,1.1399
10.0040,1.1399
10.0046,1.1399
10.0051,1.1399
10.0057,1.1349
10.0062,1.1399
10.0068,1.1349
10.0073,1.1349
10.0079,1.1399
10.0084,1.1349
10.0090,1.1349
10.0095,1.1349
10.0101,1.1399
10.0106,1.1399
10.0112,1.1399
10.0117,1.1349
10.0123,1.1399
10.0128,1.1399
10.0134,1.1349
10.0139,1.1349
10.0145,1.1349
10.0150,1.1399
10.0156,1.1349
10.0161,1.1399
10.0167,1.1349
10.0172,1.1399
10.0178,1.1399
10.0183,1.1399
10.0189,1.1399
10.0194,1.1399
10.0200,1.1399
10.0205,1.1399
10.0211,1.1399
10.0216,1.1399
10.0222,1.1399
10.0227,1.1399
10.0232,1.1399
10.0238,1.1399
10.0243,1.1349
10.0249,1.1399
10.0254,1.1399
10.0260,1.1399
10.0265,1.1399
10.0271,1.1349
10.0276,1.1349
10.0282,1.1349
10.0287,1.1349
10.0293,1.1399
10.0298,1.1399
10.0304,1.1299
10.0309,1.1349
10.0315,1.1399
10.0320,1.1349
10.0326,1.1399
10.0331,1.1349
10.0337,1.1399
10.0342,1.1399
10.0348,1.1399
10.0353,1.1349
10.0359,1.1399
10.0364,1.1399
10.0370,1.1399
10.0375,1.1399
10.0381,1.1399
10.0386,1.1349
10.0392,1.1399
10.0397,1.1349
10.0403,1.1349
10.0409,1.1399
10.0414,1.1399
10.0420,1.1349
10.0425,1.1399
10.0431,1.1399
10.0436,1.1399
10.0442,1.1450
10.0447,1.1349
10.0453,1.1399
10.0458,1.1399
10.0464,1.1349
10.0469,1.1399
10.0475,1.1399
10.0480,1.1349
10.0486,1.1399
10.0491,1.1349
10.0497,1.1399
10.0502,1.1349
10.0508,1.1399
10.0513,1.1349
10.0519,1.1399
10.0524,1.1399
10.0530,1.1399
10.0535,1.1349
10.0541,1.1399
10.0546,1.1399
10.0552,1.1399
10.0557,1.1349
10.0563,1.1450
10.0568,1.1399
10.0574,1.1349
10.0579,1.1349
10.0585,1.1399
10.0590,1.1349
10.0596,1.1349
10.0601,1.1349
10.0607,1.1349
10.0612,1.1399
10.0618,1.1349
10.0623,1.1299
10.0629,1.1349
10.0634,1.1399
10.0640,1.1349
10.0645,1.1399
10.0651,1.1399
10.0656,1.1399
10.0662,1.1349
10.0667,1.1349
10.0673,1.1349
10.0678,1.1349
10.0684,1.1399
10.0689,1.1399
10.0695,1.1349
10.0700,1.1349
10.0706,1.1349
10.0711,1.1399
10.0717,1.1349
10.0722,1.1349
10.0728,1.1349
10.0733,1.1349
10.0739,1.1349
10.0744,1.1399
10.0750,1.1349
10.0755,1.1399
10.0761,1.1349
10.0766,1.1399
10.0772,1.1399
10.0777,1.1349
10.0783,1.1399
10.0788,1.1399
10.0794,1.1349
10.0799,1.1349
10.0805,1.1399
10.0810,1.1399
10.0816,1.1399
10.0821,1.1349
10.0827,1.1399
10.0832,1.1349
10.0838,1.1399
10.0843,1.1399
10.0849,1.1399
10.0854,1.1399
10.0860,1.1349
10.0865,1.1349
10.0871,1.1399
10.0876,1.1349
10.0882,1.1399
10.0887,1.1349
10.0893,1.1399
10.0899,1.1399
10.0904,1.1349
10.0910,1.1399
10.0915,1.1399
10.0921,1.1399
10.0926,1.1399
10.0932,1.1399
10.0937,1.1399
10.0943,1.1349
10.0948,1.1349
10.0954,1.1399
10.0959,1.1349
10.0965,1.1349
10.0970,1.1399
10.0976,1.1399
10.0981,1.1349
10.0987,1.1399
10.0992,1.1299
10.0998,1.1399
10.1003,1.1399
10.1009,1.1399
10.1014,1.1399
10.1020,1.1399
10.1025,1.1349
10.1031,1.1349
10.1037,1.1399
10.1042,1.1349
10.1048,1.1399
10.1053,1.1399
10.1059,1.1349
10.1064,1.1349
10.1070,1.1399
10.1075,1.1399
10.1081,1.1399
10.1086,1.1349
10.1092,1.1399
10.1097,1.1349
10.1103,1.1349
10.1108,1.1349
10.1114,1.1399
10.1119,1.1399
10.1125,1.1399
10.1130,1.1399
10.1136,1.1399
10.1141,1.1299
10.1147,1.1349
10.1152,1.1399
10.1158,1.1399
10.1163,1.1399
10.1169,1.1399
10.1174,1.1399
10.1180,1.1399
10.1185,1.1349
10.1191,1.1349
10.1196,1.1399
10.1202,1.1399
10.1207,1.1349
10.1213,1.1399
10.1218,1.1399
10.1224,1.1399
10.1229,1.1399
10.1235,1.1349
10.1240,1.1399
10.1246,1.1399
10.1251,1.1349
10.1257,1.1349
10.1262,1.1399
10.1268,1.1399
10.1274,1.1349
10.1279,1.1399
10.1285,1.1349
10.1291,1.1399
10.1297,1.1349
10.1303,1.1349
10.1309,1.1399
10.1314,1.1399
10.1320,1.1349
10.1326,1.1399
10.1331,1.1349
10.1337,1.1399
10.1342,1.1399
10.1348,1.1349
10.1354,1.1399
10.1359,1.1399
10.1365,1.1349
10.1370,1.1399
10.1376,1.1399
10.1381,1.1349
10.1387,1.1399
10.1392,1.1349
10.1398,1.1399
10.1403,1.1450
10.1409,1.1399
10.1414,1.1399
10.1420,1.1399
10.1425,1.1399
10.1431,1.1399
10.1437,1.1349
10.1443,1.1349
10.1449,1.1399
10.1455,1.1399
10.1460,1.1349
10.1466,1.1299
10.1472,1.1399
10.1477,1.1349
10.1483,1.1399
10.1489,1.1399
10.1495,1.1399
10.1500,1.1349
10.1506,1.1399
10.1512,1.1349
10.1517,1.1399
10.1523,1.1349
10.1528,1.1399
10.1534,1.1399
10.1539,1.1399
10.1545,1.1349
10.1550,1.1399
10.1556,1.1299
10.1561,1.1399
10.1567,1.1349
10.1572,1.1399
10.1578,1.1349
10.1583,1.1349
10.1589,1.1399
10.1594,1.1399
10.1600,1.1349
10.1605,1.1349
10.1611,1.1399
10.1616,1.1349
10.1622,1.1399
10.1627,1.1399
10.1633,1.1399
10.1638,1.1349
10.1644,1.1399
10.1649,1.1399
10.1655,1.1349
10.1660,1.1399
10.1666,1.1399
10.1671,1.1399
10.1676,1.1399
10.1682,1.1399
10.1687,1.1399
10.1693,1.1349
10.1699,1.1399
10.1704,1.1399
10.1710,1.1349
10.1715,1.1349
10.1721,1.1349
10.1726,1.1399
10.1732,1.1349
10.1737,1.1399
10.1743,1.1349
10.1748,1.1399
10.1754,1.1349
10.1759,1.1349
10.1765,1.1349
10.1770,1.1349
10.1776,1.1349
10.1781,1.1349
10.1787,1.1349
10.1792,1.1349
10.1797,1.1349
10.1803,1.1399
10.1808,1.1349
10.1814,1.1399
10.1819,1.1349
10.1825,1.1349
10.1830,1.1399
10.1836,1.1399
10.1841,1.1299
10.1847,1.1349
10.1852,1.1349
10.1858,1.1349
10.1863,1.1349
10.1869,1.1399
10.1874,1.1349
10.1879,1.1299
10.1885,1.1399
10.1890,1.1399
10.1896,1.1349
10.1901,1.1399
10.1907,1.1349
10.1912,1.1399
10.1918,1.1399
10.1923,1.1399
10.1929,1.1349
10.1934,1.1349
10.1940,1.1349
10.1945,1.1399
10.1951,1.1399
10.1956,1.1399
10.1961,1.1349
10.1967,1.1399
10.1972,1.1349
10.1978,1.1349
10.1983,1.1349
10.1989,1.1399
10.1994,1.1349
10.2000,1.1399
10.2005,1.1349
10.2011,1.1399
10.2016,1.1399
10.2022,1.1399
10.2027,1.1399
10.2033,1.1399
10.2039,1.1349
10.2044,1.1399
10.2050,1.1349
10.2055,1.1399
10.2061,1.1399
10.2066,1.1399
10.2072,1.1349
10.2077,1.1399
10.2083,1.1349
10.2088,1.1399
10.2094,1.1349
10.2099,1.1399
10.2105,1.1349
10.2110,1.1399
10.2116,1.1399
10.2121,1.1399
10.2127,1.1349
10.2132,1.1349
10.2138,1.1349
10.2143,1.1399
10.2149,1.1399
10.2154,1.1399
10.2160,1.1299
10.2165,1.1399
10.2171,1.1349
10.2176,1.1349
10.2182,1.1349
10.2187,1.1399
10.2193,1.1399
10.2199,1.1399
10.2204,1.1399
10.2210,1.1399
10.2215,1.1399
10.2221,1.1399
10.2226,1.1349
10.2232,1.1349
10.2237,1.1349
10.2243,1.1399
10.2248,1.1450
10.2254,1.1399
10.2259,1.1399
10.2265,1.1349
10.2270,1.1399
10.2276,1.1349
10.2281,1.1349
10.2287,1.1399
10.2292,1.1349
10.2298,1.1399
10.2303,1.1399
10.2309,1.1399
10.2314,1.1399
10.2320,1.1399
10.2325,1.1349
10.2331,1.1349
10.2336,1.1349
10.2342,1.1399
10.2347,1.1349
10.2353,1.1349
10.2358,1.1349
10.2364,1.1399
10.2369,1.1399
10.2375,1.1399
10.2380,1.1349
10.2386,1.1349
10.2391,1.1349
10.2397,1.1349
10.2403,1.1349
10.2408,1.1399
10.2414,1.1349
10.2419,1.1399
10.2425,1.1349
10.2430,1.1399
10.2436,1.1349
10.2441,1.1349
10.2447,1.1349
10.2452,1.1349
10.2458,1.1349
10.2463,1.1399
10.2469,1.1349
10.2474,1.1399
10.2480,1.1349
10.2485,1.1399
10.2491,1.1399
10.2496,1.1349
10.2502,1.1349
10.2507,1.1299
10.2513,1.1349
10.2518,1.1349
10.2524,1.1399
10.2529,1.1349
10.2535,1.1399
10.2540,1.1349
10.2546,1.1349
10.2551,1.1349
10.2557,1.1399
10.2562,1.1399
10.2567,1.1349
10.2573,1.1349
10.2578,1.1399
10.2584,1.1349
10.2589,1.1399
10.2595,1.1399
10.2600,1.1399
10.2606,1.1349
10.2611,1.1399
10.2617,1.1399
10.2622,1.1349
10.2628,1.1349
10.2633,1.1399
10.2639,1.1349
10.2644,1.1399
10.2650,1.1349
10.2655,1.1399
10.2661,1.1349
10.2666,1.1399
10.2672,1.1349
10.2677,1.1399
10.2683,1.1399
10.2688,1.1399
10.2694,1.1399
10.2699,1.1349
10.2705,1.1399
10.2710,1.1399
10.2716,1.1399
10.2721,1.1399
10.2727,1.1399
10.2732,1.1349
10.2738,1.1349
10.2744,1.1349
10.2749,1.1399
10.2755,1.1349
10.2760,1.1399
10.2766,1.1399
10.2771,1.1349
10.2777,1.1349
10.2782,1.1399
10.2788,1.1299
10.2793,1.1399
10.2799,1.1349
10.2804,1.1399
10.2810,1.1349
10.2815,1.1399
10.2821,1.1349
10.2826,1.1349
10.2832,1.1349
10.2837,1.1349
10.2843,1.1399
10.2848,1.1399
10.2854,1.1349
10.2859,1.1349
10.2865,1.1349
10.2870,1.1399
10.2876,1.1349
10.2881,1.1349
10.2887,1.1399
10.2892,1.1399
10.2898,1.1349
10.2903,1.1349
10.2909,1.1349
10.2914,1.1349
10.2920,1.1399
10.2925,1.1399
10.2931,1.1399
10.2937,1.1399
10.2942,1.1349
10.2948,1.1399
10.2953,1.1349
10.2959,1.1399
10.2964,1.1399
10.2970,1.1349
10.2975,1.1349
10.2981,1.1399
10.2986,1.1399
10.2992,1.1399
10.2997,1.1399
10.3003,1.1349
10.3008,1.1349
10.3014,1.1349
10.3019,1.1349
10.3025,1.1349
10.3030,1.1399
10.3036,1.1399
10.3041,1.1349
10.3047,1.1349
10.3052,1.1399
10.3058,1.1399
10.3063,1.1299
10.3069,1.1399
10.3074,1.1399
10.3080,1.1399
10.3085,1.1399
10.3091,1.1399
10.3097,1.1450
10.3102,1.1399
10.3108,1.1399
10.3113,1.1349
10.3119,1.1349
10.3124,1.1399
10.3130,1.1399
10.3135,1.1349
10.3141,1.1399
10.3146,1.1399
10.3152,1.1399
10.3157,1.1349
10.3163,1.1399
10.3168,1.1399
10.3174,1.1349
10.3179,1.1349
10.3185,1.1399
10.3190,1.1399
10.3196,1.1399
10.3201,1.1399
10.3207,1.1399
10.3212,1.1399
10.3218,1.1399
10.3223,1.1349
10.3229,1.1399
10.3234,1.1349
10.3240,1.1399
10.3245,1.1399
10.3251,1.1399
10.3256,1.1399
10.3262,1.1349
10.3267,1.1349
10.3273,1.1349
10.3278,1.1399
10.3284,1.1399
10.3289,1.1399
10.3295,1.1399
10.3300,1.1399
10.3306,1.1349
10.3312,1.1399
10.3317,1.1349
10.3323,1.1399
10.3328,1.1349
10.3334,1.1399
10.3339,1.1349
10.3345,1.1349
10.3350,1.1349
10.3356,1.1399
10.3361,1.1399
10.3367,1.1399
10.3372,1.1349
10.3378,1.1399
10.3383,1.1399
10.3389,1.1349
10.3394,1.1399
10.3400,1.1399
10.3405,1.1349
10.3411,1.1399
10.3416,1.1399
10.3422,1.1349
10.3427,1.1349
10.3433,1.1349
10.3438,1.1349
10.3444,1.1349
10.3449,1.1399
10.3455,1.1349
10.3460,1.1399
10.3466,1.1349
10.3471,1.1399
10.3477,1.1399
10.3482,1.1399
10.3488,1.1399
10.3493,1.1399
10.3499,1.1399
10.3504,1.1399
10.3510,1.1399
10.3515,1.1399
10.3521,1.1399
10.3526,1.1399
10.3532,1.1399
10.3537,1.1349
10.3543,1.1399
10.3548,1.1399
10.3554,1.1399
10.3559,1.1349
10.3565,1.1399
10.3570,1.1349
10.3576,1.1399
10.3581,1.1399
10.3587,1.1349
10.3592,1.1349
10.3598,1.1349
10.3603,1.1399
10.3609,1.1399
10.3614,1.1399
10.3620,1.1399
10.3625,1.1349
10.3631,1.1349
10.3636,1.1399
10.3642,1.1349
10.3647,1.1399
10.3653,1.1349
10.3658,1.1399
10.3664,1.1399
10.3669,1.1399
10.3675,1.1399
10.3680,1.1349
10.3686,1.1349
10.3691,1.1399
10.3697,1.1399
10.3702,1.1399
10.3708,1.1349
10.3713,1.1399
10.3719,1.1399
10.3724,1.1399
10.3730,1.1349
10.3735,1.1349
10.3741,1.1399
10.3746,1.1399
10.3752,1.1349
10.3757,1.1399
10.3763,1.1399
10.3768,1.1349
10.3774,1.1399
10.3779,1.1349
10.3785,1.1399
10.3791,1.1399
10.3796,1.1399
10.3802,1.1349
10.3807,1.1399
10.3813,1.1299
10.3818,1.1349
10.3824,1.1399
10.3829,1.1349
10.3835,1.1399
10.3840,1.1399
10.3846,1.1399
10.3851,1.1399
10.3857,1.1349
10.3862,1.1349
10.3868,1.1399
10.3873,1.1399
10.3879,1.1399
10.3884,1.1349
10.3890,1.1349
10.3895,1.1399
10.3901,1.1399
10.3906,1.1349
10.3912,1.1349
10.3917,1.1349
10.3923,1.1399
10.3928,1.1399
10.3934,1.1399
10.3939,1.1399
10.3945,1.1399
10.3950,1.1349
10.3956,1.1399
10.3962,1.1349
10.3967,1.1349
10.3973,1.1349
10.3978,1.1349
10.3984,1.1399
10.3989,1.1349
10.3995,1.1399
10.4000,1.1349
10.4006,1.1349
10.4011,1.1399
10.4017,1.1349
10.4022,1.1399
10.4028,1.1349
10.4033,1.1399
10.4039,1.1399
10.4044,1.1399
10.4050,1.1399
10.4055,1.1399
10.4061,1.1399
10.4066,1.1349
10.4072,1.1399
10.4077,1.1349
10.4083,1.1399
10.4088,1.1399
10.4094,1.1349
10.4099,1.1399
10.4105,1.1399
10.4110,1.1349
10.4116,1.1399
10.4121,1.1399
10.4127,1.1399
10.4132,1.1349
10.4138,1.1399
10.4143,1.1349
10.4149,1.1349
10.4154,1.1399
10.4160,1.1349
10.4165,1.1399
10.4171,1.1399
10.4176,1.1299
10.4182,1.1399
10.4187,1.1399
10.4193,1.1399
10.4199,1.1349
10.4204,1.1399
10.4210,1.1349
10.4215,1.1399
10.4221,1.1450
10.4226,1.1349
10.4232,1.1399
10.4237,1.1349
10.4243,1.1399
10.4248,1.1399
10.4254,1.1399
10.4259,1.1399
10.4265,1.1399
10.4270,1.1349
10.4276,1.1399
10.4281,1.1349
10.4287,1.1399
10.4292,1.1349
10.4298,1.1399
10.4303,1.1349
10.4309,1.1399
10.4314,1.1399
10.4320,1.1349
10.4325,1.1399
10.4331,1.1349
10.4336,1.1349
10.4342,1.1399
10.4347,1.1399
10.4353,1.1349
10.4358,1.1399
10.4364,1.1349
10.4369,1.1399
10.4375,1.1399
10.4380,1.1349
10.4386,1.1399
10.4402,1.1399
10.4408,1.1349
10.4413,1.1349
10.4419,1.1349
10.4425,1.1399
10.4430,1.1399
10.4436,1.1399
10.4441,1.1399
10.4447,1.1349
10.4452,1.1399
10.4458,1.1349
10.4463,1.1399
10.4480,1.1349
10.4486,1.1349
10.4494,1.1349
10.4504,1.1399
10.4509,1.1349
10.4515,1.1349
10.4520,1.1399
10.4526,1.1399
10.4532,1.1399
10.4537,1.1399
10.4543,1.1399
10.4548,1.1399
10.4554,1.1349
10.4560,1.1399
10.4566,1.1399
10.4572,1.1349
10.4578,1.1399
10.4585,1.1399
10.4591,1.1399
10.4597,1.1399
10.4603,1.1399
10.4609,1.1349
10.4615,1.1349
10.4621,1.1349
10.4627,1.1399
10.4633,1.1399
10.4638,1.1349
10.4644,1.1349
10.4650,1.1399
10.4656,1.1399
10.4662,1.1399
10.4668,1.1399
10.4674,1.1399
10.4683,1.1299
10.4689,1.1399
10.4695,1.1399
10.4712,1.1349
10.4717,1.1349
10.4723,1.1399
10.4728,1.1299
10.4734,1.1399
10.4740,1.1349
10.4745,1.1399
10.4751,1.1399
10.4756,1.1399
10.4762,1.1399
10.4767,1.1349
10.4773,1.1349
10.4779,1.1399
10.4784,1.1399
10.4789,1.1349
10.4795,1.1349
10.4800,1.1399
10.4806,1.1349
10.4811,1.1399
10.4817,1.1399
10.4822,1.1399
10.4828,1.1299
10.4833,1.1349
10.4839,1.1399
10.4844,1.1349
10.4850,1.1349
10.4855,1.1399
10.4860,1.1399
10.4866,1.1450
10.4871,1.1349
10.4877,1.1399
10.4882,1.1349
10.4888,1.1399
10.4893,1.1349
10.4900,1.1349
10.4905,1.1399
10.4911,1.1399
10.4916,1.1399
10.4922,1.1399
10.4927,1.1349
10.4933,1.1349
10.4939,1.1399
10.4944,1.1349
10.4949,1.1399
10.4955,1.1349
10.4960,1.1349
10.4966,1.1349
10.4971,1.1399
10.4977,1.1399
10.4982,1.1349
10.4987,1.1399
10.4993,1.1349
10.4998,1.1349
10.5004,1.1349
10.5010,1.1399
10.5015,1.1349
10.5020,1.1399
10.5026,1.1349
10.5031,1.1349
10.5037,1.1349
10.5042,1.1349
10.5048,1.1399
10.5053,1.1349
10.5060,1.1399
10.5065,1.1349
10.5071,1.1349
10.5076,1.1399
10.5081,1.1399
10.5087,1.1399
10.5092,1.1349
10.5097,1.1399
10.5103,1.1349
10.5108,1.1399
10.5114,1.1399
10.5119,1.1349
10.5124,1.1349
10.5130,1.1349
10.5135,1.1399
10.5141,1.1349
10.5146,1.1349
10.5151,1.1450
10.5157,1.1349
10.5162,1.1399
10.5167,1.1349
10.5173,1.1399
10.5178,1.1399
10.5184,1.1399
10.5189,1.1399
10.5194,1.1349
10.5200,1.1349
10.5205,1.1349
10.5210,1.1399
10.5216,1.1349
10.5221,1.1399
10.5227,1.1399
10.5232,1.1399
10.5237,1.1349
10.5243,1.1349
10.5248,1.1399
10.5254,1.1349
10.5259,1.1399
10.5265,1.1399
10.5270,1.1399
10.5275,1.1399
10.5281,1.1349
10.5286,1.1399
10.5292,1.1349
10.5297,1.1399
10.5302,1.1349
10.5308,1.1399
10.5313,1.1399
10.5319,1.1399
10.5324,1.1299
10.5329,1.1399
10.5335,1.1349
10.5340,1.1399
10.5346,1.1399
10.5351,1.1349
10.5356,1.1349
10.5362,1.1399
10.5367,1.1399
10.5373,1.1399
10.5378,1.1299
10.5383,1.1399
10.5389,1.1349
10.5394,1.1399
10.5400,1.1399
10.5405,1.1399
10.5411,1.1399
10.5416,1.1399
10.5421,1.1349
10.5427,1.1349
10.5432,1.1349
10.5438,1.1349
10.5443,1.1349
10.5448,1.1349
10.5454,1.1349
10.5459,1.1349
10.5465,1.1349
10.5470,1.1399
10.5475,1.1349
10.5481,1.1399
10.5486,1.1349
10.5492,1.1349
10.5497,1.1349
10.5502,1.1399
10.5508,1.1399
10.5513,1.1349
10.5519,1.1399
10.5524,1.1349
10.5529,1.1399
10.5535,1.1349
10.5540,1.1349
10.5546,1.1399
10.5551,1.1399
10.5556,1.1399
10.5562,1.1349
10.5567,1.1399
10.5575,1.1399
10.5580,1.1349
10.5586,1.1349
10.5591,1.1399
10.5597,1.1399
10.5602,1.1399
10.5608,1.1399
10.5613,1.1349
10.5618,1.1349
10.5624,1.1399
10.5629,1.1399
10.5635,1.1399
10.5640,1.1349
10.5645,1.1349
10.5651,1.1399
10.5656,1.1399
10.5661,1.1349
10.5667,1.1349
10.5672,1.1399
10.5678,1.1399
10.5683,1.1399
10.5688,1.1399
10.5694,1.1349
10.5699,1.1349
10.5704,1.1399
10.5710,1.1399
10.5715,1.1349
10.5721,1.1349
10.5726,1.1349
10.5731,1.1349
10.5737,1.1450
10.5742,1.1399
10.5747,1.1349
10.5753,1.1399
10.5758,1.1399
10.5764,1.1349
10.5769,1.1349
10.5774,1.1399
10.5780,1.1399
10.5785,1.1399
10.5790,1.1399
10.5796,1.1399
10.5801,1.1399
10.5807,1.1349
10.5812,1.1399
10.5817,1.1349
10.5823,1.1349
10.5828,1.1349
10.5833,1.1349
10.5839,1.1399
10.5844,1.1349
10.5850,1.1450
10.5855,1.1399
10.5860,1.1349
10.5866,1.1349
10.5871,1.1399
10.5877,1.1399
10.5882,1.1399
10.5887,1.1349
10.5893,1.1349
10.5898,1.1399
10.5903,1.1399
10.5909,1.1349
10.5914,1.1399
10.5920,1.1399
10.5925,1.1349
10.5930,1.1349
10.5936,1.1399
10.5941,1.1349
10.5947,1.1399
10.5952,1.1399
10.5957,1.1399
10.5963,1.1399
10.5968,1.1349
10.5974,1.1349
10.5979,1.1349
10.5984,1.1399
10.5990,1.1399
10.5995,1.1349
10.6000,1.1399
10.6006,1.1349
10.6011,1.1349
10.6017,1.1349
10.6022,1.1299
10.6027,1.1399
10.6033,1.1349
10.6038,1.1349
10.6043,1.1399
10.6049,1.1349
10.6054,1.1399
10.6060,1.1349
10.6066,1.1349
10.6071,1.1399
10.6077,1.1399
10.6082,1.1349
10.6088,1.1349
10.6093,1.1349
10.6099,1.1349
10.6104,1.1399
10.6110,1.1349
10.6115,1.1399
10.6121,1.1399
10.6126,1.1399
10.6132,1.1399
10.6137,1.1399
10.6143,1.1399
10.6148,1.1349
10.6154,1.1399
10.6159,1.1399
10.6165,1.1349
10.6170,1.1349
10.6175,1.1349
10.6181,1.1349
10.6186,1.1399
10.6192,1.1399
10.6197,1.1399
10.6203,1.1349
10.6208,1.1399
10.6214,1.1399
10.6219,1.1399
10.6225,1.1399
10.6230,1.1399
10.6236,1.1399
10.6241,1.1399
10.6246,1.1399
10.6252,1.1399
10.6257,1.1399
10.6263,1.1399
10.6270,1.1399
10.6276,1.1399
10.6300,1.1399
10.6306,1.1349
10.6312,1.1349
10.6318,1.1399
10.6323,1.1399
10.6329,1.1399
10.6334,1.1399
10.6340,1.1399
10.6346,1.1399
10.6352,1.1399
10.6357,1.1349
10.6363,1.1399
10.6368,1.1349
10.6374,1.1399
10.6379,1.1349
10.6385,1.1399
10.6390,1.1399
10.6396,1.1399
10.6401,1.1349
10.6407,1.1399
10.6412,1.1349
10.6418,1.1349
10.6423,1.1399
10.6429,1.1399
10.6435,1.1349
10.6441,1.1399
10.6447,1.1399
10.6455,1.1399
10.6461,1.1399
10.6467,1.1450
10.6473,1.1399
10.6478,1.1399
10.6484,1.1349
10.6492,1.1349
10.6499,1.1399
10.6505,1.1349
10.6510,1.1399
10.6516,1.1349
10.6522,1.1349
10.6528,1.1349
10.6533,1.1349
10.6538,1.1399
10.6544,1.1349
10.6549,1.1349
10.6555,1.1349
10.6560,1.1399
10.6566,1.1399
10.6571,1.1399
10.6577,1.1349
10.6582,1.1399
10.6588,1.1349
10.6594,1.1349
10.6599,1.1399
10.6605,1.1349
10.6611,1.1349
10.6617,1.1399
10.6622,1.1399
10.6627,1.1349
10.6633,1.1349
10.6638,1.1349
10.6644,1.1399
10.6649,1.1399
10.6655,1.1399
10.6660,1.1399
10.6666,1.1399
10.6671,1.1349
10.6677,1.1349
10.6682,1.1349
10.6688,1.1349
10.6693,1.1399
10.6699,1.1349
10.6705,1.1349
10.6710,1.1450
10.6715,1.1349
10.6721,1.1349
10.6726,1.1399
10.6732,1.1399
10.6737,1.1399
10.6743,1.1399
10.6748,1.1349
10.6754,1.1349
10.6759,1.1399
10.6765,1.1349
10.6771,1.1399
10.6776,1.1349
10.6781,1.1399
10.6787,1.1399
10.6792,1.1399
10.6798,1.1399
10.6803,1.1349
10.6809,1.1349
10.6814,1.1349
10.6820,1.1349
10.6825,1.1349
10.6831,1.1399
10.6836,1.1399
10.6842,1.1399
10.6847,1.1399
10.6853,1.1349
10.6858,1.1349
10.6863,1.1349
10.6869,1.1399
10.6874,1.1399
10.6880,1.1399
10.6885,1.1399
10.6891,1.1349
10.6896,1.1399
10.6902,1.1399
10.6907,1.1349
10.6913,1.1349
10.6918,1.1399
10.6924,1.1399
10.6929,1.1399
10.6935,1.1349
10.6940,1.1399
10.6946,1.1349
10.6951,1.1349
10.6957,1.1399
10.6962,1.1349
10.6968,1.1399
10.6973,1.1349
10.6979,1.1349
10.6984,1.1349
10.6990,1.1349
10.6995,1.1349
10.7001,1.1349
10.7006,1.1349
10.7012,1.1399
10.7017,1.1349
10.7023,1.1349
10.7028,1.1399
10.7034,1.1399
10.7039,1.1399
10.7045,1.1399
10.7050,1.1349
10.7056,1.1349
10.7061,1.1399
10.7068,1.1399
10.7074,1.1349
10.7079,1.1349
10.7084,1.1399
10.7090,1.1399
10.7095,1.1349
10.7101,1.1399
10.7106,1.1399
10.7112,1.1299
10.7117,1.1399
10.7123,1.1349
10.7128,1.1349
10.7133,1.1399
10.7139,1.1399
10.7144,1.1349
10.7150,1.1349
10.7155,1.1299
10.7161,1.1349
10.7166,1.1349
10.7172,1.1349
10.7177,1.1399
10.7182,1.1399
10.7188,1.1399
10.7193,1.1399
10.7199,1.1399
10.7204,1.1349
10.7210,1.1349
10.7215,1.1399
10.7221,1.1399
10.7226,1.1349
10.7231,1.1399
10.7237,1.1299
10.7242,1.1399
10.7248,1.1399
10.7253,1.1399
10.7259,1.1349
10.7264,1.1349
10.7270,1.1349
10.7275,1.1399
10.7280,1.1399
10.7286,1.1299
10.7291,1.1399
10.7297,1.1399
10.7302,1.1399
10.7308,1.1349
10.7313,1.1349
10.7319,1.1399
10.7324,1.1349
10.7329,1.1349
10.7335,1.1399
10.7340,1.1349
10.7346,1.1399
10.7351,1.1349
10.7357,1.1349
10.7362,1.1349
10.7368,1.1349
10.7373,1.1399
10.7379,1.1349
10.7384,1.1349
10.7390,1.1399
10.7395,1.1349
10.7401,1.1349
10.7406,1.1349
10.7412,1.1349
10.7417,1.1349
10.7422,1.1349
10.7428,1.1399
10.7433,1.1399
10.7439,1.1349
10.7444,1.1399
10.7450,1.1399
10.7455,1.1399
10.7461,1.1399
10.7466,1.1399
10.7471,1.1349
10.7477,1.1399
10.7482,1.1349
10.7488,1.1349
10.7493,1.1399
10.7499,1.1399
10.7504,1.1349
10.7509,1.1399
10.7515,1.1399
10.7520,1.1349
10.7526,1.1399
10.7531,1.1349
10.7537,1.1399
10.7542,1.1399
10.7547,1.1399
10.7553,1.1399
10.7558,1.1349
10.7564,1.1399
10.7569,1.1349
10.7574,1.1349
10.7580,1.1399
10.7585,1.1399
10.7591,1.1399
10.7596,1.1399
10.7602,1.1349
10.7607,1.1399
10.7612,1.1399
10.7618,1.1349
10.7623,1.1399
10.7629,1.1399
10.7634,1.1349
10.7640,1.1399
10.7645,1.1349
10.7650,1.1399
10.7656,1.1349
10.7661,1.1399
10.7667,1.1349
10.7672,1.1399
10.7678,1.1349
10.7683,1.1399
10.7689,1.1349
10.7694,1.1399
10.7699,1.1349
10.7705,1.1399
10.7710,1.1399
10.7716,1.1349
10.7721,1.1399
10.7727,1.1349
10.7732,1.1349
10.7737,1.1399
10.7743,1.1399
10.7748,1.1349
10.7754,1.1399
10.7759,1.1299
10.7765,1.1349
10.7770,1.1399
10.7775,1.1349
10.7781,1.1399
10.7786,1.1349
10.7792,1.1349
10.7797,1.1450
10.7803,1.1349
10.7808,1.1349
10.7814,1.1349
10.7819,1.1399
10.7824,1.1399
10.7830,1.1399
10.7835,1.1399
10.7841,1.1399
10.7846,1.1399
10.7852,1.1349
10.7857,1.1349
10.7863,1.1399
10.7868,1.1349
10.7873,1.1349
10.7879,1.1349
10.7884,1.1399
10.7890,1.1399
10.7895,1.1399
10.7901,1.1399
10.7906,1.1349
10.7911,1.1399
10.7917,1.1349
10.7922,1.1349
10.7928,1.1299
10.7933,1.1399
10.7939,1.1349
10.7944,1.1399
10.7950,1.1349
10.7955,1.1399
10.7960,1.1349
10.7966,1.1349
10.7971,1.1349
10.7977,1.1399
10.7982,1.1399
10.7988,1.1399
10.7993,1.1349
10.7999,1.1399
10.8004,1.1349
10.8010,1.1399
10.8015,1.1349
10.8020,1.1349
10.8026,1.1399
10.8031,1.1399
10.8037,1.1349
10.8042,1.1349
10.8048,1.1349
10.8054,1.1349
10.8059,1.1399
10.8064,1.1399
10.8070,1.1399
10.8076,1.1349
10.8082,1.1299
10.8087,1.1349
10.8093,1.1349
10.8098,1.1399
10.8104,1.1299
10.8109,1.1399
10.8115,1.1349
10.8120,1.1399
10.8126,1.1349
10.8131,1.1349
10.8137,1.1399
10.8142,1.1399
10.8148,1.1349
10.8153,1.1349
10.8159,1.1349
10.8164,1.1349
10.8170,1.1349
10.8175,1.1399
10.8181,1.1399
10.8186,1.1399
10.8192,1.1349
10.8197,1.1349
10.8203,1.1349
10.8208,1.1399
10.8214,1.1349
10.8219,1.1399
10.8225,1.1399
10.8230,1.1349
10.8236,1.1399
10.8241,1.1299
10.8247,1.1399
10.8252,1.1349
10.8258,1.1299
10.8263,1.1399
10.8269,1.1399
10.8274,1.1349
10.8280,1.1349
10.8285,1.1399
10.8291,1.1349
10.8296,1.1399
10.8302,1.1399
10.8307,1.1349
10.8313,1.1399
10.8318,1.1399
10.8324,1.1399
10.8329,1.1399
10.8335,1.1349
10.8340,1.1399
10.8346,1.1349
10.8351,1.1349
10.8357,1.1349
10.8362,1.1399
10.8368,1.1349
10.8373,1.1349
10.8379,1.1349
10.8384,1.1399
10.8390,1.1399
10.8395,1.1349
10.8401,1.1349
10.8406,1.1399
10.8412,1.1349
10.8417,1.1399
10.8423,1.1399
10.8428,1.1399
10.8434,1.1349
10.8439,1.1399
10.8445,1.1349
10.8450,1.1399
10.8456,1.1399
10.8461,1.1349
10.8467,1.1399
10.8472,1.1399
10.8478,1.1349
10.8483,1.1349
10.8489,1.1399
10.8494,1.1399
10.8500,1.1349
10.8505,1.1399
10.8511,1.1349
10.8516,1.1349
10.8522,1.1349
10.8527,1.1349
10.8533,1.1399
10.8538,1.1399
10.8544,1.1349
10.8549,1.1349
10.8555,1.1399
10.8560,1.1399
10.8566,1.1399
10.8571,1.1349
10.8577,1.1349
10.8582,1.1399
10.8588,1.1399
10.8593,1.1349
10.8599,1.1399
10.8604,1.1349
10.8610,1.1399
10.8615,1.1299
10.8621,1.1399
10.8626,1.1349
10.8632,1.1399
10.8637,1.1349
10.8643,1.1399
10.8648,1.1399
10.8654,1.1349
10.8659,1.1399
10.8665,1.1349
10.8670,1.1399
10.8676,1.1399
10.8681,1.1349
10.8687,1.1399
10.8692,1.1349
10.8698,1.1399
10.8703,1.1399
10.8709,1.1349
10.8714,1.1399
10.8720,1.1399
10.8725,1.1399
10.8731,1.1399
10.8736,1.1349
10.8742,1.1399
10.8747,1.1349
10.8753,1.1349
10.8759,1.1349
10.8764,1.1399
10.8770,1.1399
10.8775,1.1399
10.8781,1.1349
10.8786,1.1399
10.8792,1.1399
10.8797,1.1399
10.8803,1.1399
10.8808,1.1349
10.8814,1.1349
10.8819,1.1349
10.8825,1.1349
10.8830,1.1399
10.8836,1.1399
10.8841,1.1399
10.8847,1.1399
10.8852,1.1399
10.8858,1.1399
10.8863,1.1399
10.8869,1.1399
10.8874,1.1399
10.8880,1.1399
10.8885,1.1399
10.8890,1.1349
10.8896,1.1349
10.8902,1.1399
10.8907,1.1399
10.8913,1.1399
10.8918,1.1399
10.8924,1.1399
10.8929,1.1349
10.8935,1.1399
10.8940,1.1399
10.8945,1.1399
10.8951,1.1349
10.8956,1.1399
10.8962,1.1399
10.8967,1.1399
10.8973,1.1399
10.8978,1.1349
10.8984,1.1399
10.8989,1.1349
10.8995,1.1349
10.9000,1.1399
10.9006,1.1349
10.9011,1.1349
10.9017,1.1399
10.9022,1.1399
10.9028,1.1349
10.9033,1.1399
10.9039,1.1349
10.9044,1.1349
10.9050,1.1399
10.9055,1.1349
10.9061,1.1349
10.9066,1.1349
10.9072,1.1299
10.9077,1.1349
10.9083,1.1349
10.9089,1.1399
10.9094,1.1450
10.9100,1.1399
10.9105,1.1399
10.9111,1.1349
10.9116,1.1399
10.9122,1.1349
10.9127,1.1349
10.9133,1.1399
10.9138,1.1399
10.9144,1.1399
10.9149,1.1349
10.9155,1.1399
10.9160,1.1349
10.9166,1.1399
10.9171,1.1349
10.9177,1.1399
10.9182,1.1399
10.9188,1.1399
10.9193,1.1349
10.9199,1.1399
10.9204,1.1349
10.9210,1.1399
10.9215,1.1399
10.9221,1.1349
10.9226,1.1399
10.9232,1.1349
10.9237,1.1349
10.9243,1.1399
10.9248,1.1399
10.9254,1.1349
10.9259,1.1399
10.9265,1.1399
10.9270,1.1349
10.9276,1.1399
10.9281,1.1349
10.9287,1.1349
10.9292,1.1349
10.9298,1.1349
10.9303,1.1349
10.9309,1.1349
10.9314,1.1399
10.9320,1.1349
10.9325,1.1399
10.9331,1.1349
10.9336,1.1399
10.9342,1.1349
10.9347,1.1349
10.9353,1.1399
10.9358,1.1349
10.9364,1.1399
10.9369,1.1399
10.9375,1.1399
10.9380,1.1399
10.9386,1.1299
10.9391,1.1349
10.9397,1.1399
10.9402,1.1349
10.9408,1.1349
10.9413,1.1399
10.9419,1.1399
10.9424,1.1349
10.9430,1.1399
10.9435,1.1399
10.9441,1.1399
10.9446,1.1349
10.9452,1.1349
10.9457,1.1399
10.9463,1.1399
10.9468,1.1399
10.9474,1.1399
10.9479,1.1399
10.9485,1.1399
10.9490,1.1399
10.9496,1.1399
10.9501,1.1349
10.9507,1.1399
10.9512,1.1399
10.9518,1.1349
10.9523,1.1349
10.9529,1.1399
10.9534,1.1399
10.9540,1.1349
10.9545,1.1349
10.9551,1.1349
10.9556,1.1349
10.9562,1.1349
10.9567,1.1349
10.9573,1.1349
10.9578,1.1349
10.9584,1.1349
10.9589,1.1349
10.9595,1.1399
10.9600,1.1349
10.9606,1.1399
10.9611,1.1399
10.9617,1.1399
10.9622,1.1399
10.9628,1.1399
10.9633,1.1349
10.9639,1.1399
10.9644,1.1349
10.9650,1.1349
10.9655,1.1399
10.9661,1.1349
10.9666,1.1349
10.9672,1.1399
10.9677,1.1399
10.9683,1.1399
10.9689,1.1349
10.9694,1.1399
10.9700,1.1399
10.9705,1.1399
10.9711,1.1349
10.9716,1.1349
10.9722,1.1349
10.9727,1.1349
10.9733,1.1349
10.9738,1.1349
10.9743,1.1349
10.9749,1.1450
10.9754,1.1349
10.9760,1.1349
10.9765,1.1349
10.9771,1.1399
10.9776,1.1349
10.9782,1.1349
10.9787,1.1399
10.9793,1.1399
10.9799,1.1349
10.9804,1.1349
10.9810,1.1399
10.9815,1.1349
10.9821,1.1399
10.9826,1.1349
10.9832,1.1399
10.9837,1.1349
10.9843,1.1299
10.9848,1.1349
10.9854,1.1399
10.9859,1.1299
10.9865,1.1349
10.9870,1.1399
10.9876,1.1399
10.9881,1.1349
10.9887,1.1399
10.9892,1.1399
10.9898,1.1450
10.9903,1.1349
10.9909,1.1399
10.9914,1.1399
10.9920,1.1349
10.9925,1.1399
10.9931,1.1349
10.9936,1.1399
10.9942,1.1399
10.9947,1.1349
10.9953,1.1349
10.9958,1.1399
10.9964,1.1349
10.9969,1.1399
10.9975,1.1349
10.9980,1.1349
10.9986,1.1399
10.9991,1.1399
10.9996,1.1349
11.0002,1.1399
11.0007,1.1349
11.0013,1.1349
11.0018,1.1399
11.0024,1.1349
11.0029,1.1399
11.0035,1.1349
11.0040,1.1349
11.0046,1.1349
11.0051,1.1349
11.0057,1.1399
11.0062,1.1399
11.0068,1.1349
11.0073,1.1349
11.0079,1.1349
11.0084,1.1399
11.0091,1.1399
11.0097,1.1349
11.0102,1.1349
11.0108,1.1399
11.0113,1.1349
11.0118,1.1399
11.0124,1.1399
11.0129,1.1349
11.0135,1.1399
11.0140,1.1399
11.0145,1.1349
11.0151,1.1349
11.0156,1.1399
11.0162,1.1399
11.0167,1.1399
11.0172,1.1349
11.0178,1.1349
11.0183,1.1349
11.0189,1.1349
11.0194,1.1399
11.0199,1.1349
11.0205,1.1349
11.0210,1.1299
11.0216,1.1349
11.0221,1.1399
11.0226,1.1349
11.0232,1.1399
11.0237,1.1399
11.0242,1.1349
11.0248,1.1349
11.0253,1.1349
11.0259,1.1349
11.0264,1.1399
11.0269,1.1349
11.0275,1.1349
11.0280,1.1399
11.0286,1.1399
11.0291,1.1349
11.0296,1.1399
11.0302,1.1399
11.0307,1.1349
11.0312,1.1349
11.0318,1.1399
11.0323,1.1349
11.0329,1.1349
11.0334,1.1399
11.0339,1.1349
11.0345,1.1399
11.0350,1.1349
11.0356,1.1399
11.0361,1.1349
11.0366,1.1399
11.0372,1.1399
11.0377,1.1349
11.0382,1.1399
11.0388,1.1399
11.0393,1.1399
11.0399,1.1399
11.0404,1.1399
11.0409,1.1399
11.0415,1.1450
11.0420,1.1399
11.0426,1.1349
11.0431,1.1349
11.0436,1.1399
11.0442,1.1349
11.0447,1.1349
11.0452,1.1349
11.0458,1.1349
11.0463,1.1399
11.0469,1.1349
11.0474,1.1349
11.0479,1.1399
11.0485,1.1399
11.0490,1.1349
11.0495,1.1399
11.0501,1.1399
11.0506,1.1349
11.0512,1.1399
11.0517,1.1349
11.0522,1.1399
11.0528,1.1399
11.0533,1.1349
11.0539,1.1349
11.0545,1.1399
11.0551,1.1399
11.0556,1.1399
11.0562,1.1399
11.0568,1.1349
11.0574,1.1399
11.0580,1.1349
11.0586,1.1399
11.0592,1.1399
11.0598,1.1349
11.0603,1.1399
11.0609,1.1349
11.0615,1.1399
11.0621,1.1399
11.0627,1.1399
11.0632,1.1399
11.0638,1.1349
11.0646,1.1399
11.0651,1.1399
11.0657,1.1399
11.0662,1.1399
11.0668,1.1399
11.0673,1.1399
11.0678,1.1399
11.0684,1.1399
11.0689,1.1349
11.0694,1.1349
11.0700,1.1399
11.0705,1.1349
11.0711,1.1399
11.0716,1.1349
11.0721,1.1399
11.0727,1.1399
11.0732,1.1399
11.0737,1.1349
11.0743,1.1399
11.0748,1.1349
11.0753,1.1349
11.0759,1.1349
11.0766,1.1349
11.0771,1.1399
11.0777,1.1349
11.0782,1.1399
11.0788,1.1349
11.0793,1.1399
11.0799,1.1349
11.0804,1.1349
11.0809,1.1399
11.0815,1.1349
11.0820,1.1399
11.0826,1.1349
11.0831,1.1349
11.0836,1.1349
11.0842,1.1349
11.0847,1.1349
11.0852,1.1399
11.0858,1.1399
11.0863,1.1349
11.0868,1.1399
11.0874,1.1399
11.0879,1.1399
11.0884,1.1349
11.0890,1.1349
11.0895,1.1299
11.0901,1.1399
11.0906,1.1349
11.0911,1.1349
11.0917,1.1349
11.0922,1.1399
11.0927,1.1349
11.0933,1.1349
11.0938,1.1399
11.0943,1.1349
11.0949,1.1399
11.0954,1.1349
11.0959,1.1399
11.0965,1.1349
11.0970,1.1349
11.0975,1.1349
11.0981,1.1399
11.0986,1.1349
11.0991,1.1349
11.0997,1.1349
11.1002,1.1399
11.1007,1.1349
11.1013,1.1399
11.1018,1.1349
11.1023,1.1399
11.1029,1.1349
11.1034,1.1349
11.1039,1.1349
11.1045,1.1399
11.1050,1.1349
11.1055,1.1349
11.1061,1.1349
11.1066,1.1399
11.1071,1.1399
11.1077,1.1399
11.1082,1.1349
11.1087,1.1399
11.1093,1.1349
11.1099,1.1399
11.1105,1.1349
11.1110,1.1349
11.1115,1.1349
11.1121,1.1399
11.1126,1.1399
11.1131,1.1399
11.1137,1.1399
11.1142,1.1399
11.1147,1.1349
11.1153,1.1349
11.1158,1.1349
11.1164,1.1349
11.1169,1.1399
11.1174,1.1349
11.1180,1.1399
11.1185,1.1349
11.1190,1.1399
11.1196,1.1349
11.1201,1.1399
11.1206,1.1399
11.1212,1.1399
11.1217,1.1349
11.1222,1.1399
11.1228,1.1349
11.1233,1.1399
11.1239,1.1299
11.1244,1.1349
11.1249,1.1399
11.1255,1.1399
11.1260,1.1349
11.1265,1.1399
11.1271,1.1349
11.1276,1.1399
11.1282,1.1399
11.1288,1.1399
11.1294,1.1399
11.1299,1.1399
11.1305,1.1399
11.1311,1.1349
11.1316,1.1399
11.1321,1.1399
11.1327,1.1399
11.1333,1.1399
11.1338,1.1349
11.1344,1.1349
11.1349,1.1349
11.1354,1.1349
11.1360,1.1349
11.1365,1.1399
11.1370,1.1349
11.1376,1.1349
11.1381,1.1299
11.1387,1.1399
11.1392,1.1349
11.1398,1.1399
11.1403,1.1399
11.1409,1.1349
11.1414,1.1349
11.1420,1.1349
11.1425,1.1399
11.1431,1.1399
11.1437,1.1399
11.1443,1.1399
11.1449,1.1399
11.1455,1.1399
11.1460,1.1349
11.1466,1.1399
11.1471,1.1399
11.1476,1.1349
11.1482,1.1399
11.1487,1.1399
11.1492,1.1349
11.1498,1.1399
11.1503,1.1399
11.1508,1.1399
11.1514,1.1299
11.1519,1.1349
11.1524,1.1349
11.1530,1.1349
11.1535,1.1399
11.1541,1.1349
11.1546,1.1399
11.1551,1.1349
11.1557,1.1399
11.1562,1.1399
11.1567,1.1399
11.1573,1.1349
11.1578,1.1399
11.1584,1.1349
11.1589,1.1349
11.1594,1.1349
11.1600,1.1399
11.1606,1.1349
11.1611,1.1349
11.1617,1.1299
11.1622,1.1399
11.1627,1.1399
11.1633,1.1349
11.1638,1.1349
11.1643,1.1349
11.1649,1.1349
11.1654,1.1399
11.1659,1.1399
11.1665,1.1349
11.1670,1.1399
11.1676,1.1349
11.1681,1.1399
11.1686,1.1450
11.1692,1.1349
11.1697,1.1399
11.1702,1.1399
11.1708,1.1399
11.1713,1.1349
11.1718,1.1349
11.1724,1.1349
11.1729,1.1349
11.1734,1.1399
11.1740,1.1399
11.1745,1.1399
11.1751,1.1349
11.1756,1.1299
11.1761,1.1399
11.1767,1.1399
11.1772,1.1399
11.1777,1.1349
11.1783,1.1349
11.1788,1.1399
11.1793,1.1399
11.1799,1.1349
11.1804,1.1349
11.1810,1.1399
11.1815,1.1349
11.1820,1.1399
11.1826,1.1399
11.1831,1.1399
11.1836,1.1399
11.1842,1.1349
11.1847,1.1349
11.1852,1.1349
11.1858,1.1349
11.1863,1.1349
11.1868,1.1349
11.1874,1.1299
11.1879,1.1399
11.1885,1.1349
11.1890,1.1399
11.1895,1.1399
11.1901,1.1399
11.1906,1.1349
11.1911,1.1399
11.1917,1.1399
11.1922,1.1399
11.1927,1.1349
11.1933,1.1349
11.1938,1.1349
11.1943,1.1399
11.1949,1.1349
11.1954,1.1349
11.1959,1.1399
11.1965,1.1399
11.1970,1.1349
11.1976,1.1349
11.1981,1.1349
11.1986,1.1399
11.1992,1.1399
11.1997,1.1399
11.2002,1.1349
11.2008,1.1349
11.2013,1.1349
11.2018,1.1349
11.2024,1.1399
11.2029,1.1349
11.2034,1.1399
11.2040,1.1349
11.2045,1.1349
11.2050,1.1349
11.2056,1.1349
11.2061,1.1299
11.2067,1.1450
11.2072,1.1399
11.2077,1.1399
11.2083,1.1349
11.2088,1.1349
11.2093,1.1349
11.2099,1.1299
11.2104,1.1399
11.2109,1.1349
11.2115,1.1349
11.2120,1.1399
11.2126,1.1349
11.2131,1.1349
11.2136,1.1399
11.2142,1.1349
11.2147,1.1349
11.2153,1.1399
11.2158,1.1399
11.2163,1.1399
11.2169,1.1349
11.2174,1.1399
11.2180,1.1399
11.2185,1.1349
11.2190,1.1399
11.2196,1.1399
11.2201,1.1399
11.2207,1.1349
11.2212,1.1349
11.2218,1.1349
11.2223,1.1349
11.2228,1.1349
11.2234,1.1399
11.2239,1.1349
11.2244,1.1349
11.2250,1.1399
11.2255,1.1399
11.2260,1.1399
11.2266,1.1349
11.2271,1.1349
11.2276,1.1349
11.2282,1.1399
11.2287,1.1399
11.2293,1.1399
11.2298,1.1349
11.2303,1.1349
11.2309,1.1349
11.2314,1.1349
11.2320,1.1399
11.2325,1.1349
11.2330,1.1349
11.2336,1.1349
11.2341,1.1349
11.2346,1.1349
11.2352,1.1349
11.2357,1.1399
11.2363,1.1349
11.2368,1.1399
11.2373,1.1399
11.2379,1.1349
11.2384,1.1399
11.2390,1.1399
11.2395,1.1349
11.2400,1.1399
11.2406,1.1349
11.2411,1.1349
11.2416,1.1299
11.2422,1.1399
11.2427,1.1349
11.2433,1.1399
11.2438,1.1349
11.2443,1.1349
11.2449,1.1349
11.2454,1.1349
11.2460,1.1349
11.2465,1.1399
11.2470,1.1399
11.2476,1.1349
11.2481,1.1299
11.2486,1.1349
11.2492,1.1399
11.2497,1.1399
11.2503,1.1450
11.2508,1.1349
11.2513,1.1299
11.2519,1.1399
11.2524,1.1399
11.2530,1.1349
11.2535,1.1399
11.2540,1.1349
11.2546,1.1399
11.2551,1.1399
11.2556,1.1399
11.2562,1.1349
11.2567,1.1399
11.2573,1.1349
11.2578,1.1399
11.2583,1.1349
11.2589,1.1399
11.2594,1.1399
11.2600,1.1399
11.2605,1.1399
11.2610,1.1349
11.2616,1.1399
11.2621,1.1349
11.2626,1.1349
11.2632,1.1349
11.2637,1.1349
11.2643,1.1399
11.2648,1.1399
11.2653,1.1349
11.2659,1.1399
11.2664,1.1399
11.2670,1.1349
11.2675,1.1399
11.2680,1.1299
11.2686,1.1349
11.2691,1.1399
11.2696,1.1349
11.2702,1.1399
11.2707,1.1349
11.2713,1.1399
11.2718,1.1399
11.2723,1.1399
11.2729,1.1349
11.2734,1.1399
11.2740,1.1349
11.2745,1.1349
11.2750,1.1349
11.2756,1.1349
11.2761,1.1399
11.2767,1.1349
11.2772,1.1349
11.2777,1.1399
11.2783,1.1349
11.2788,1.1349
11.2793,1.1399
11.2799,1.1349
11.2804,1.1349
11.2810,1.1349
11.2815,1.1399
11.2820,1.1399
11.2826,1.1399
11.2831,1.1399
11.2837,1.1349
11.2842,1.1399
11.2847,1.1349
11.2853,1.1349
11.2858,1.1349
11.2864,1.1399
11.2869,1.1349
11.2874,1.1399
11.2880,1.1349
11.2885,1.1399
11.2890,1.1349
11.2896,1.1349
11.2901,1.1399
11.2907,1.1399
11.2912,1.1349
11.2918,1.1349
11.2923,1.1399
11.2928,1.1349
11.2934,1.1399
11.2939,1.1349
11.2944,1.1349
11.2950,1.1349
11.2955,1.1349
11.2961,1.1399
11.2966,1.1399
11.2971,1.1349
11.2977,1.1399
11.2982,1.1349
11.2988,1.1349
11.2993,1.1349
11.2998,1.1399
11.3004,1.1349
11.3009,1.1349
11.3015,1.1349
11.3020,1.1399
11.3025,1.1349
11.3031,1.1349
11.3036,1.1349
11.3042,1.1399
11.3047,1.1349
11.3052,1.1349
11.3058,1.1399
11.3063,1.1399
11.3069,1.1349
11.3074,1.1349
11.3079,1.1349
11.3085,1.1349
11.3090,1.1399
11.3095,1.1399
11.3102,1.1349
11.3107,1.1349
11.3112,1.1399
11.3118,1.1349
11.3123,1.1399
11.3129,1.1399
11.3134,1.1349
11.3139,1.1399
11.3145,1.1349
11.3150,1.1399
11.3155,1.1349
11.3161,1.1399
11.3166,1.1399
11.3171,1.1349
11.3177,1.1349
11.3182,1.1399
11.3187,1.1399
11.3193,1.1399
11.3198,1.1349
11.3203,1.1349
11.3209,1.1399
11.3214,1.1349
11.3219,1.1399
11.3225,1.1399
11.3230,1.1349
11.3235,1.1349
11.3241,1.1399
11.3246,1.1349
11.3252,1.1349
11.3257,1.1399
11.3262,1.1299
11.3268,1.1399
11.3273,1.1349
11.3278,1.1349
11.3284,1.1349
11.3289,1.1349
11.3294,1.1399
11.3300,1.1349
11.3305,1.1349
11.3310,1.1349
11.3316,1.1349
11.3321,1.1349
11.3326,1.1349
11.3332,1.1349
11.3337,1.1349
11.3342,1.1399
11.3348,1.1349
11.3353,1.1349
11.3358,1.1399
11.3364,1.1399
11.3369,1.1399
11.3375,1.1399
11.3380,1.1349
11.3385,1.1349
11.3391,1.1399
11.3396,1.1349
11.3401,1.1349
11.3407,1.1349
11.3412,1.1349
11.3417,1.1399
11.3423,1.1299
11.3428,1.1399
11.3433,1.1349
11.3439,1.1349
11.3444,1.1349
11.3449,1.1349
11.3455,1.1349
11.3460,1.1349
11.3465,1.1349
11.3471,1.1349
11.3476,1.1399
11.3481,1.1399
11.3487,1.1349
11.3492,1.1349
11.3497,1.1349
11.3503,1.1349
11.3508,1.1349
11.3514,1.1299
11.3519,1.1399
11.3524,1.1399
11.3530,1.1349
11.3535,1.1349
11.3540,1.1399
11.3546,1.1399
11.3551,1.1349
11.3556,1.1349
11.3562,1.1349
11.3567,1.1349
11.3572,1.1399
11.3578,1.1399
11.3583,1.1399
11.3589,1.1399
11.3594,1.1299
11.3599,1.1349
11.3605,1.1399
11.3610,1.1349
11.3615,1.1349
11.3621,1.1299
11.3626,1.1349
11.3631,1.1399
11.3637,1.1349
11.3642,1.1349
11.3647,1.1399
11.3653,1.1349
11.3658,1.1399
11.3664,1.1399
11.3669,1.1399
11.3674,1.1399
11.3680,1.1349
11.3685,1.1349
11.3690,1.1349
11.3696,1.1399
11.3701,1.1349
11.3706,1.1349
11.3712,1.1349
11.3717,1.1349
11.3722,1.1349
11.3728,1.1399
11.3733,1.1349
11.3738,1.1349
11.3744,1.1399
11.3749,1.1349
11.3754,1.1399
11.3760,1.1349
11.3765,1.1399
11.3770,1.1399
11.3776,1.1349
11.3781,1.1299
11.3786,1.1349
11.3792,1.1349
11.3797,1.1349
11.3803,1.1399
11.3808,1.1399
11.3813,1.1349
11.3819,1.1349
11.3824,1.1349
11.3829,1.1399
11.3835,1.1399
11.3840,1.1349
11.3845,1.1349
11.3851,1.1349
11.3856,1.1349
11.3861,1.1399
11.3867,1.1399
11.3872,1.1399
11.3877,1.1349
11.3883,1.1349
11.3888,1.1349
11.3893,1.1399
11.3899,1.1349
11.3904,1.1349
11.3909,1.1349
11.3915,1.1399
11.3920,1.1349
11.3926,1.1349
11.3931,1.1399
11.3936,1.1349
11.3942,1.1399
11.3947,1.1399
11.3952,1.1399
11.3958,1.1399
11.3963,1.1349
11.3968,1.1349
11.3974,1.1399
11.3979,1.1399
11.3984,1.1349
11.3990,1.1399
11.3995,1.1399
11.4000,1.1349
11.4006,1.1399
11.4011,1.1399
11.4016,1.1349
11.4022,1.1399
11.4027,1.1399
11.4032,1.1349
11.4038,1.1399
11.4043,1.1349
11.4048,1.1299
11.4054,1.1399
11.4059,1.1349
11.4065,1.1349
11.4070,1.1399
11.4075,1.1349
11.4081,1.1450
11.4086,1.1349
11.4091,1.1349
11.4097,1.1399
11.4102,1.1399
11.4108,1.1399
11.4113,1.1399
11.4119,1.1349
11.4124,1.1349
11.4130,1.1349
11.4135,1.1349
11.4140,1.1349
11.4146,1.1399
11.4151,1.1349
11.4157,1.1349
11.4162,1.1349
11.4167,1.1399
11.4173,1.1349
11.4178,1.1399
11.4184,1.1349
11.4189,1.1399
11.4194,1.1399
11.4200,1.1349
11.4205,1.1349
11.4210,1.1399
11.4216,1.1349
11.4221,1.1349
11.4227,1.1349
11.4232,1.1349
11.4237,1.1349
11.4243,1.1349
11.4248,1.1349
11.4254,1.1399
11.4259,1.1349
11.4264,1.1399
11.4270,1.1349
11.4275,1.1349
11.4281,1.1349
11.4286,1.1399
11.4291,1.1399
11.4297,1.1399
11.4302,1.1399
11.4308,1.1349
11.4313,1.1399
11.4318,1.1349
11.4324,1.1399
11.4329,1.1349
11.4334,1.1349
11.4340,1.1399
11.4345,1.1399
11.4351,1.1399
11.4356,1.1349
11.4361,1.1399
11.4367,1.1399
11.4372,1.1399
11.4378,1.1349
11.4383,1.1399
11.4388,1.1349
11.4394,1.1349
11.4399,1.1399
11.4405,1.1399
11.4410,1.1349
11.4415,1.1399
11.4421,1.1349
11.4426,1.1349
11.4432,1.1399
11.4437,1.1399
11.4442,1.1399
11.4448,1.1349
11.4453,1.1399
11.4459,1.1399
11.4464,1.1399
11.4469,1.1399
11.4475,1.1349
11.4480,1.1349
11.4486,1.1349
11.4491,1.1399
11.4496,1.1349
11.4502,1.1399
11.4507,1.1349
11.4513,1.1349
11.4518,1.1349
11.4523,1.1349
11.4529,1.1349
11.4534,1.1349
11.4539,1.1399
11.4545,1.1349
11.4550,1.1349
11.4556,1.1349
11.4561,1.1399
11.4566,1.1349
11.4572,1.1399
11.4577,1.1399
11.4583,1.1349
11.4588,1.1349
11.4593,1.1399
11.4599,1.1349
11.4604,1.1349
11.4610,1.1349
11.4615,1.1399
11.4620,1.1399
11.4626,1.1349
11.4631,1.1399
11.4636,1.1349
11.4642,1.1399
11.4647,1.1399
11.4653,1.1349
11.4658,1.1399
11.4663,1.1399
11.4669,1.1349
11.4674,1.1399
11.4680,1.1349
11.4685,1.1299
11.4690,1.1399
11.4696,1.1349
11.4701,1.1399
11.4707,1.1349
11.4712,1.1399
11.4717,1.1399
11.4723,1.1349
11.4728,1.1399
11.4733,1.1349
11.4739,1.1349
11.4744,1.1399
11.4750,1.1399
11.4755,1.1349
11.4760,1.1349
11.4766,1.1349
11.4771,1.1349
11.4777,1.1399
11.4782,1.1399
11.4787,1.1349
11.4793,1.1349
11.4798,1.1349
11.4803,1.1349
11.4809,1.1349
11.4814,1.1399
11.4820,1.1349
11.4825,1.1349
11.4830,1.1399
11.4836,1.1349
11.4841,1.1399
11.4847,1.1349
11.4852,1.1399
11.4857,1.1399
11.4863,1.1349
11.4868,1.1349
11.4873,1.1399
11.4879,1.1349
11.4884,1.1399
11.4890,1.1349
11.4895,1.1349
11.4900,1.1349
11.4906,1.1349
11.4911,1.1399
11.4917,1.1349
11.4922,1.1349
11.4927,1.1349
11.4933,1.1349
11.4938,1.1349
11.4944,1.1349
11.4949,1.1349
11.4955,1.1399
11.4960,1.1349
11.4965,1.1349
11.4971,1.1399
11.4976,1.1349
11.4981,1.1399
11.4987,1.1349
11.4992,1.1349
11.4998,1.1299
11.5003,1.1349
11.5008,1.1299
11.5014,1.1349
11.5019,1.1349
11.5025,1.1349
11.5030,1.1399
11.5035,1.1399
11.5041,1.1399
11.5046,1.1399
11.5052,1.1349
11.5057,1.1349
11.5062,1.1399
11.5068,1.1349
11.5073,1.1349
11.5078,1.1399
11.5084,1.1399
11.5089,1.1349
11.5095,1.1349
11.5100,1.1349
11.5105,1.1399
11.5111,1.1399
11.5117,1.1399
11.5123,1.1349
11.5128,1.1349
11.5133,1.1399
11.5139,1.1349
11.5144,1.1349
11.5150,1.1399
11.5155,1.1349
11.5160,1.1349
11.5166,1.1349
11.5171,1.1399
11.5176,1.1349
11.5182,1.1399
11.5187,1.1349
11.5192,1.1349
11.5198,1.1399
11.5203,1.1349
11.5208,1.1399
11.5214,1.1399
11.5219,1.1399
11.5225,1.1399
11.5230,1.1399
11.5235,1.1399
11.5241,1.1349
11.5246,1.1349
11.5251,1.1349
11.5257,1.1349
11.5262,1.1399
11.5267,1.1399
11.5273,1.1349
11.5278,1.1399
11.5283,1.1399
11.5289,1.1349
11.5294,1.1399
11.5299,1.1450
11.5305,1.1349
11.5310,1.1349
11.5316,1.1349
11.5321,1.1349
11.5326,1.1349
11.5332,1.1349
11.5337,1.1349
11.5342,1.1349
11.5348,1.1399
11.5353,1.1399
11.5358,1.1349
11.5364,1.1399
11.5369,1.1399
11.5374,1.1399
11.5380,1.1349
11.5385,1.1399
11.5390,1.1349
11.5396,1.1399
11.5401,1.1349
11.5406,1.1349
11.5412,1.1299
11.5417,1.1349
11.5423,1.1399
11.5428,1.1399
11.5433,1.1399
11.5439,1.1349
11.5444,1.1349
11.5449,1.1399
11.5455,1.1399
11.5460,1.1349
11.5465,1.1399
11.5471,1.1399
11.5476,1.1399
11.5481,1.1399
11.5487,1.1349
11.5492,1.1349
11.5497,1.1349
11.5503,1.1399
11.5508,1.1349
11.5513,1.1399
11.5519,1.1399
11.5524,1.1349
11.5529,1.1399
11.5535,1.1349
11.5540,1.1349
11.5545,1.1349
11.5551,1.1349
11.5556,1.1349
11.5562,1.1399
11.5567,1.1349
11.5572,1.1399
11.5578,1.1349
11.5583,1.1399
11.5588,1.1399
11.5594,1.1349
11.5599,1.1299
11.5604,1.1349
11.5610,1.1349
11.5615,1.1399
11.5620,1.1349
11.5626,1.1349
11.5631,1.1349
11.5637,1.1399
11.5642,1.1349
11.5647,1.1349
11.5653,1.1349
11.5658,1.1399
11.5663,1.1399
11.5669,1.1299
11.5674,1.1399
11.5679,1.1399
11.5685,1.1349
11.5690,1.1349
11.5695,1.1349
11.5701,1.1349
11.5706,1.1399
11.5712,1.1349
11.5717,1.1349
11.5722,1.1399
11.5728,1.1399
11.5733,1.1349
11.5738,1.1399
11.5744,1.1349
11.5749,1.1349
11.5754,1.1349
11.5760,1.1349
11.5765,1.1399
11.5770,1.1349
11.5776,1.1399
11.5781,1.1399
11.5786,1.1399
11.5792,1.1349
11.5797,1.1349
11.5802,1.1399
11.5808,1.1349
11.5813,1.1399
11.5818,1.1349
11.5824,1.1399
11.5829,1.1349
11.5834,1.1349
11.5840,1.1349
11.5845,1.1399
11.5851,1.1399
11.5856,1.1349
11.5861,1.1399
11.5867,1.1399
11.5872,1.1399
11.5877,1.1399
11.5883,1.1349
11.5888,1.1349
11.5893,1.1349
11.5899,1.1399
11.5904,1.1349
11.5909,1.1399
11.5915,1.1349
11.5920,1.1349
11.5925,1.1399
11.5931,1.1399
11.5936,1.1349
11.5942,1.1349
11.5947,1.1299
11.5952,1.1399
11.5958,1.1399
11.5963,1.1399
11.5968,1.1399
11.5974,1.1399
11.5979,1.1349
11.5984,1.1299
11.5990,1.1399
11.5995,1.1349
11.6000,1.1399
11.6006,1.1349
11.6011,1.1399
11.6016,1.1349
11.6022,1.1349
11.6027,1.1349
11.6032,1.1299
11.6038,1.1399
11.6043,1.1349
11.6048,1.1349
11.6054,1.1349
11.6059,1.1349
11.6064,1.1349
11.6070,1.1349
11.6075,1.1349
11.6081,1.1399
11.6086,1.1349
11.6091,1.1349
11.6097,1.1349
11.6102,1.1399
11.6107,1.1349
11.6113,1.1349
11.6119,1.1399
11.6124,1.1349
11.6130,1.1349
11.6135,1.1399
11.6141,1.1299
11.6146,1.1349
11.6151,1.1349
11.6157,1.1399
11.6162,1.1349
11.6167,1.1349
11.6173,1.1399
11.6178,1.1349
11.6184,1.1399
11.6189,1.1399
11.6194,1.1299
11.6200,1.1349
11.6205,1.1399
11.6211,1.1349
11.6216,1.1349
11.6221,1.1349
11.6227,1.1299
11.6232,1.1399
11.6238,1.1399
11.6243,1.1349
11.6248,1.1349
11.6254,1.1349
11.6259,1.1399
11.6264,1.1399
11.6270,1.1349
11.6277,1.1349
11.6283,1.1349
11.6288,1.1349
11.6294,1.1399
11.6300,1.1399
11.6306,1.1399
11.6311,1.1349
11.6317,1.1349
11.6323,1.1399
11.6328,1.1299
11.6334,1.1399
11.6340,1.1349
11.6345,1.1349
11.6351,1.1399
11.6356,1.1349
11.6362,1.1349
11.6367,1.1399
11.6372,1.1349
11.6378,1.1349
11.6383,1.1399
11.6389,1.1349
11.6394,1.1399
11.6399,1.1399
11.6405,1.1349
11.6410,1.1399
11.6416,1.1349
11.6422,1.1349
11.6428,1.1399
11.6433,1.1399
11.6439,1.1399
11.6445,1.1299
11.6451,1.1349
11.6457,1.1349
11.6463,1.1399
11.6468,1.1349
11.6473,1.1349
11.6479,1.1349
11.6485,1.1399
11.6490,1.1349
11.6495,1.1399
11.6501,1.1349
11.6506,1.1399
11.6512,1.1399
11.6517,1.1399
11.6522,1.1349
11.6528,1.1399
11.6533,1.1349
11.6538,1.1349
11.6544,1.1399
11.6550,1.1349
11.6555,1.1349
11.6561,1.1399
11.6567,1.1349
11.6572,1.1299
11.6578,1.1399
11.6583,1.1349
11.6589,1.1399
11.6594,1.1349
11.6600,1.1349
11.6606,1.1349
11.6612,1.1349
11.6618,1.1349
11.6624,1.1399
11.6629,1.1450
11.6635,1.1349
11.6640,1.1349
11.6645,1.1349
11.6651,1.1399
11.6656,1.1349
11.6661,1.1399
11.6667,1.1349
11.6672,1.1349
11.6677,1.1349
11.6683,1.1349
11.6688,1.1399
11.6694,1.1399
11.6699,1.1349
11.6704,1.1349
11.6710,1.1399
11.6715,1.1399
11.6721,1.1399
11.6726,1.1349
11.6731,1.1399
11.6737,1.1399
11.6742,1.1349
11.6747,1.1399
11.6753,1.1349
11.6758,1.1399
11.6763,1.1349
11.6769,1.1399
11.6774,1.1349
11.6780,1.1299
11.6786,1.1399
11.6791,1.1349
11.6796,1.1399
11.6802,1.1349
11.6807,1.1349
11.6812,1.1399
11.6818,1.1349
11.6823,1.1399
11.6829,1.1399
11.6834,1.1349
11.6839,1.1349
11.6845,1.1349
11.6850,1.1399
11.6855,1.1399
11.6861,1.1349
11.6866,1.1349
11.6871,1.1399
11.6877,1.1349
11.6882,1.1399
11.6887,1.1349
11.6893,1.1349
11.6898,1.1399
11.6904,1.1399
11.6909,1.1349
11.6914,1.1399
11.6920,1.1399
11.6925,1.1349
11.6930,1.1349
11.6936,1.1349
11.6941,1.1349
11.6947,1.1399
11.6952,1.1349
11.6957,1.1399
11.6963,1.1399
11.6968,1.1349
11.6973,1.1399
11.6979,1.1299
11.6984,1.1399
11.6989,1.1399
11.6995,1.1349
11.7000,1.1349
11.7006,1.1399
11.7011,1.1349
11.7017,1.1349
11.7022,1.1349
11.7027,1.1399
11.7033,1.1349
11.7038,1.1349
11.7043,1.1399
11.7049,1.1399
11.7054,1.1299
11.7059,1.1349
11.7065,1.1399
11.7070,1.1349
11.7076,1.1349
11.7081,1.1399
11.7086,1.1299
11.7092,1.1399
11.7097,1.1349
11.7102,1.1399
11.7108,1.1349
11.7113,1.1399
11.7119,1.1399
11.7124,1.1349
11.7130,1.1399
11.7135,1.1349
11.7140,1.1399
11.7146,1.1399
11.7151,1.1349
11.7156,1.1399
11.7162,1.1349
11.7167,1.1399
11.7172,1.1399
11.7178,1.1399
11.7183,1.1399
11.7189,1.1349
11.7194,1.1349
11.7199,1.1349
11.7205,1.1399
11.7210,1.1349
11.7216,1.1349
11.7221,1.1349
11.7226,1.1399
11.7232,1.1399
11.7237,1.1349
11.7242,1.1399
11.7248,1.1399
11.7253,1.1349
11.7259,1.1349
11.7264,1.1349
11.7269,1.1399
11.7275,1.1349
11.7280,1.1399
11.7286,1.1399
11.7291,1.1349
11.7296,1.1399
11.7302,1.1299
11.7307,1.1349
11.7313,1.1349
11.7318,1.1399
11.7324,1.1349
11.7329,1.1349
11.7334,1.1349
11.7340,1.1349
11.7345,1.1349
11.7350,1.1349
11.7356,1.1349
11.7361,1.1399
11.7367,1.1349
11.7372,1.1349
11.7377,1.1349
11.7383,1.1349
11.7388,1.1399
11.7394,1.1349
11.7399,1.1349
11.7404,1.1399
11.7410,1.1399
11.7415,1.1349
11.7421,1.1349
11.7426,1.1349
11.7431,1.1299
11.7437,1.1349
11.7442,1.1349
11.7448,1.1349
11.7453,1.1399
11.7458,1.1349
11.7464,1.1349
11.7469,1.1399
11.7475,1.1349
11.7480,1.1399
11.7485,1.1349
11.7491,1.1399
11.7496,1.1349
11.7502,1.1349
11.7507,1.1299
11.7512,1.1349
11.7518,1.1399
11.7523,1.1349
11.7528,1.1349
11.7534,1.1349
11.7539,1.1349
11.7545,1.1349
11.7550,1.1349
11.7555,1.1399
11.7561,1.1399
11.7566,1.1349
11.7572,1.1349
11.7577,1.1299
11.7582,1.1399
11.7588,1.1399
11.7593,1.1349
11.7599,1.1399
11.7604,1.1349
11.7609,1.1299
11.7615,1.1349
11.7620,1.1399
11.7626,1.1399
11.7631,1.1349
11.7636,1.1349
11.7642,1.1349
11.7647,1.1349
11.7652,1.1349
11.7658,1.1349
11.7663,1.1349
11.7668,1.1349
11.7674,1.1399
11.7679,1.1399
11.7685,1.1399
11.7690,1.1349
11.7695,1.1399
11.7701,1.1399
11.7706,1.1399
11.7712,1.1349
11.7717,1.1349
11.7722,1.1349
11.7728,1.1349
11.7733,1.1349
11.7739,1.1349
11.7744,1.1399
11.7749,1.1349
11.7755,1.1349
11.7760,1.1349
11.7766,1.1349
11.7771,1.1349
11.7776,1.1349
11.7782,1.1399
11.7787,1.1349
11.7793,1.1349
11.7798,1.1399
11.7803,1.1349
11.7809,1.1399
11.7814,1.1349
11.7820,1.1349
11.7825,1.1299
11.7830,1.1399
11.7836,1.1349
11.7841,1.1399
11.7846,1.1349
11.7852,1.1349
11.7857,1.1349
11.7863,1.1399
11.7868,1.1399
11.7873,1.1399
11.7879,1.1399
11.7884,1.1349
11.7890,1.1399
11.7895,1.1349
11.7900,1.1349
11.7906,1.1349
11.7911,1.1399
11.7917,1.1399
11.7922,1.1349
11.7927,1.1349
11.7933,1.1349
11.7938,1.1399
11.7944,1.1299
11.7949,1.1399
11.7954,1.1399
11.7960,1.1349
11.7965,1.1399
11.7971,1.1349
11.7976,1.1399
11.7981,1.1399
11.7987,1.1349
11.7992,1.1349
11.7997,1.1399
11.8003,1.1349
11.8008,1.1349
11.8014,1.1349
11.8019,1.1399
11.8024,1.1349
11.8030,1.1349
11.8035,1.1349
11.8041,1.1349
11.8046,1.1349
11.8051,1.1349
11.8057,1.1399
11.8062,1.1349
11.8068,1.1349
11.8073,1.1349
11.8078,1.1399
11.8084,1.1349
11.8089,1.1349
11.8095,1.1349
11.8100,1.1399
11.8105,1.1349
11.8111,1.1349
11.8116,1.1399
11.8122,1.1399
11.8127,1.1349
11.8133,1.1349
11.8139,1.1399
11.8144,1.1349
11.8149,1.1349
11.8155,1.1399
11.8160,1.1349
11.8166,1.1349
11.8171,1.1399
11.8176,1.1399
11.8182,1.1349
11.8187,1.1349
11.8192,1.1349
11.8198,1.1399
11.8203,1.1399
11.8208,1.1299
11.8214,1.1399
11.8219,1.1349
11.8224,1.1349
11.8230,1.1349
11.8235,1.1399
11.8240,1.1399
11.8246,1.1399
11.8251,1.1349
11.8257,1.1399
11.8262,1.1399
11.8267,1.1399
11.8273,1.1349
11.8278,1.1349
11.8283,1.1399
11.8289,1.1349
11.8294,1.1399
11.8299,1.1349
11.8305,1.1349
11.8310,1.1349
11.8315,1.1399
11.8321,1.1349
11.8326,1.1349
11.8331,1.1349
11.8337,1.1299
11.8342,1.1349
11.8348,1.1349
11.8353,1.1299
11.8358,1.1450
11.8364,1.1349
11.8369,1.1349
11.8374,1.1399
11.8380,1.1399
11.8385,1.1349
11.8391,1.1349
11.8396,1.1349
11.8401,1.1349
11.8407,1.1399
11.8412,1.1399
11.8417,1.1349
11.8423,1.1399
11.8428,1.1399
11.8433,1.1349
11.8439,1.1349
11.8444,1.1399
11.8449,1.1349
11.8455,1.1349
11.8460,1.1349
11.8466,1.1399
11.8471,1.1349
11.8476,1.1399
11.8482,1.1349
11.8487,1.1349
11.8492,1.1399
11.8498,1.1399
11.8503,1.1349
11.8508,1.1399
11.8514,1.1399
11.8519,1.1399
11.8524,1.1349
11.8530,1.1349
11.8535,1.1349
11.8541,1.1399
11.8546,1.1399
11.8551,1.1399
11.8557,1.1349
11.8562,1.1349
11.8567,1.1349
11.8573,1.1349
11.8578,1.1399
11.8583,1.1349
11.8589,1.1349
11.8594,1.1349
11.8599,1.1349
11.8605,1.1349
11.8610,1.1399
11.8616,1.1349
11.8621,1.1349
11.8626,1.1399
11.8632,1.1349
11.8637,1.1299
11.8642,1.1399
11.8648,1.1349
11.8653,1.1349
11.8658,1.1349
11.8664,1.1299
11.8669,1.1349
11.8674,1.1399
11.8680,1.1349
11.8685,1.1399
11.8690,1.1399
11.8696,1.1399
11.8701,1.1349
11.8707,1.1349
11.8712,1.1349
11.8717,1.1299
11.8723,1.1349
11.8728,1.1349
11.8733,1.1399
11.8739,1.1349
11.8744,1.1349
11.8749,1.1349
11.8755,1.1349
11.8760,1.1399
11.8765,1.1450
11.8771,1.1399
11.8776,1.1349
11.8781,1.1349
11.8787,1.1399
11.8792,1.1399
11.8798,1.1399
11.8803,1.1399
11.8808,1.1349
11.8814,1.1399
11.8819,1.1349
11.8824,1.1349
11.8830,1.1399
11.8835,1.1349
11.8840,1.1349
11.8846,1.1349
11.8851,1.1399
11.8856,1.1399
11.8862,1.1299
11.8867,1.1399
11.8872,1.1399
11.8878,1.1349
11.8883,1.1349
11.8889,1.1399
11.8894,1.1349
11.8899,1.1349
11.8905,1.1399
11.8910,1.1399
11.8915,1.1349
11.8921,1.1349
11.8926,1.1399
11.8931,1.1349
11.8937,1.1399
11.8942,1.1349
11.8947,1.1349
11.8953,1.1399
11.8958,1.1399
11.8963,1.1399
11.8969,1.1349
11.8974,1.1349
11.8980,1.1399
11.8985,1.1399
11.8990,1.1399
11.8996,1.1349
11.9001,1.1349
11.9006,1.1349
11.9012,1.1399
11.9017,1.1399
11.9022,1.1349
11.9028,1.1299
11.9033,1.1349
11.9038,1.1349
11.9044,1.1349
11.9049,1.1399
11.9054,1.1399
11.9060,1.1399
11.9065,1.1349
11.9071,1.1399
11.9076,1.1399
11.9081,1.1349
11.9087,1.1399
11.9092,1.1349
11.9097,1.1349
11.9103,1.1399
11.9108,1.1299
11.9114,1.1399
11.9119,1.1349
11.9124,1.1349
11.9130,1.1349
11.9136,1.1399
11.9141,1.1399
11.9147,1.1349
11.9152,1.1349
11.9157,1.1399
11.9163,1.1349
11.9168,1.1349
11.9174,1.1399
11.9179,1.1349
11.9184,1.1349
11.9190,1.1349
11.9195,1.1399
11.9200,1.1349
11.9206,1.1399
11.9211,1.1399
11.9217,1.1349
11.9222,1.1349
11.9227,1.1399
11.9233,1.1349
11.9238,1.1399
11.9244,1.1349
11.9249,1.1349
11.9254,1.1349
11.9260,1.1349
11.9265,1.1349
11.9271,1.1399
11.9276,1.1349
11.9281,1.1399
11.9287,1.1399
11.9292,1.1399
11.9297,1.1399
11.9303,1.1349
11.9308,1.1399
11.9314,1.1399
11.9319,1.1349
11.9324,1.1399
11.9330,1.1399
11.9335,1.1399
11.9341,1.1349
11.9346,1.1349
11.9351,1.1349
11.9357,1.1349
11.9362,1.1399
11.9368,1.1399
11.9373,1.1349
11.9378,1.1399
11.9384,1.1349
11.9389,1.1349
11.9395,1.1349
11.9400,1.1399
11.9405,1.1399
11.9411,1.1349
11.9416,1.1399
11.9421,1.1349
11.9427,1.1349
11.9432,1.1399
11.9438,1.1349
11.9443,1.1349
11.9448,1.1399
11.9454,1.1349
11.9459,1.1349
11.9465,1.1399
11.9470,1.1399
11.9475,1.1399
11.9481,1.1399
11.9486,1.1349
11.9492,1.1349
11.9497,1.1349
11.9502,1.1349
11.9508,1.1399
11.9513,1.1399
11.9518,1.1349
11.9524,1.1450
11.9529,1.1349
11.9535,1.1349
11.9540,1.1349
11.9545,1.1349
11.9551,1.1399
11.9556,1.1349
11.9562,1.1349
11.9567,1.1299
11.9572,1.1399
11.9578,1.1349
11.9583,1.1399
11.9589,1.1399
11.9594,1.1349
11.9599,1.1399
11.9605,1.1349
11.9610,1.1399
11.9616,1.1349
11.9621,1.1349
11.9626,1.1349
11.9632,1.1399
11.9637,1.1349
11.9642,1.1399
11.9648,1.1349
11.9653,1.1399
11.9659,1.1349
11.9664,1.1349
11.9669,1.1349
11.9675,1.1349
11.9680,1.1349
11.9686,1.1399
11.9691,1.1349
11.9696,1.1399
11.9702,1.1349
11.9707,1.1349
11.9713,1.1399
11.9718,1.1399
11.9723,1.1399
11.9729,1.1399
11.9734,1.1349
11.9739,1.1399
11.9745,1.1349
11.9750,1.1349
11.9756,1.1349
11.9761,1.1349
11.9767,1.1399
11.9772,1.1349
11.9777,1.1399
11.9783,1.1349
11.9788,1.1349
11.9794,1.1399
11.9799,1.1399
11.9804,1.1399
11.9810,1.1349
11.9815,1.1349
11.9821,1.1399
11.9826,1.1349
11.9831,1.1349
11.9837,1.1399
11.9842,1.1349
11.9848,1.1399
11.9853,1.1450
11.9858,1.1349
11.9864,1.1399
11.9869,1.1399
11.9874,1.1399
11.9880,1.1399
11.9885,1.1349
11.9891,1.1349
11.9896,1.1399
11.9901,1.1349
11.9907,1.1349
11.9912,1.1399
11.9918,1.1399
11.9923,1.1399
11.9928,1.1349
11.9934,1.1399
11.9939,1.1299
11.9945,1.1349
11.9950,1.1399
11.9955,1.1349
11.9961,1.1349
11.9966,1.1349
11.9971,1.1349
11.9977,1.1399
11.9982,1.1399
11.9988,1.1399
11.9993,1.1399
11.9999,1.1349
12.0004,1.1399
